961
78 140 241 398 631 960 1404 1973 2664 3455 4305 5155 5929 6553 6958 7099 6958 6553 5929 5155 4305 3455 2664 1973 1404 960 631 398 241 140 78 
140 251 431 711 1127 1715 2509 3525 4758 6171 7690 9207 10590 11704 12428 12679 12428 11704 10590 9207 7690 6171 4758 3525 2509 1715 1127 711 431 251 140 
241 431 740 1221 1934 2944 4305 6049 8165 10590 13196 15799 18173 20085 21327 21757 21327 20085 18173 15799 13196 10590 8165 6049 4305 2944 1934 1221 740 431 241 
398 711 1221 2013 3189 4854 7099 9973 13463 17461 21757 26048 29963 33114 35162 35872 35162 33114 29963 26048 21757 17461 13463 9973 7099 4854 3189 2013 1221 711 398 
631 1127 1934 3189 5052 7690 11245 15799 21327 27659 34466 41263 47464 52456 55699 56825 55699 52456 47464 41263 34466 27659 21327 15799 11245 7690 5052 3189 1934 1127 631 
960 1715 2944 4854 7690 11704 17115 24046 32459 42097 52456 62801 72238 79836 84773 86485 84773 79836 72238 62801 52456 42097 32459 24046 17115 11704 7690 4854 2944 1715 960 
1404 2509 4305 7099 11245 17115 25027 35162 47464 61557 76705 91833 105633 116743 123962 126466 123962 116743 105633 91833 76705 61557 47464 35162 25027 17115 11245 7099 4305 2509 1404 
1973 3525 6049 9973 15799 24046 35162 49401 66684 86485 107767 129021 148410 164018 174160 177679 174160 164018 148410 129021 107767 86485 66684 49401 35162 24046 15799 9973 6049 3525 1973 
2664 4758 8165 13463 21327 32459 47464 66684 90015 116743 145471 174160 200332 221401 235092 239841 235092 221401 200332 174160 145471 116743 90015 66684 47464 32459 21327 13463 8165 4758 2664 
3455 6171 10590 17461 27659 42097 61557 86485 116743 151408 188666 225874 259817 287142 304898 311057 304898 287142 259817 225874 188666 151408 116743 86485 61557 42097 27659 17461 10590 6171 3455 
4305 7690 13196 21757 34466 52456 76705 107767 145471 188666 235092 281456 323752 357801 379926 387601 379926 357801 323752 281456 235092 188666 145471 107767 76705 52456 34466 21757 13196 7690 4305 
5155 9207 15799 26048 41263 62801 91833 129021 174160 225874 281456 336964 387601 428366 454855 464043 454855 428366 387601 336964 281456 225874 174160 129021 91833 62801 41263 26048 15799 9207 5155 
5929 10590 18173 29963 47464 72238 105633 148410 200332 259817 323752 387601 445848 492738 523207 533777 523207 492738 445848 387601 323752 259817 200332 148410 105633 72238 47464 29963 18173 10590 5929 
6553 11704 20085 33114 52456 79836 116743 164018 221401 287142 357801 428366 492738 544560 578234 589915 578234 544560 492738 428366 357801 287142 221401 164018 116743 79836 52456 33114 20085 11704 6553 
6958 12428 21327 35162 55699 84773 123962 174160 235092 304898 379926 454855 523207 578234 613990 626393 613990 578234 523207 454855 379926 304898 235092 174160 123962 84773 55699 35162 21327 12428 6958 
7099 12679 21757 35872 56825 86485 126466 177679 239841 311057 387601 464043 533777 589915 626393 639047 626393 589915 533777 464043 387601 311057 239841 177679 126466 86485 56825 35872 21757 12679 7099 
6958 12428 21327 35162 55699 84773 123962 174160 235092 304898 379926 454855 523207 578234 613990 626393 613990 578234 523207 454855 379926 304898 235092 174160 123962 84773 55699 35162 21327 12428 6958 
6553 11704 20085 33114 52456 79836 116743 164018 221401 287142 357801 428366 492738 544560 578234 589915 578234 544560 492738 428366 357801 287142 221401 164018 116743 79836 52456 33114 20085 11704 6553 
5929 10590 18173 29963 47464 72238 105633 148410 200332 259817 323752 387601 445848 492738 523207 533777 523207 492738 445848 387601 323752 259817 200332 148410 105633 72238 47464 29963 18173 10590 5929 
5155 9207 15799 26048 41263 62801 91833 129021 174160 225874 281456 336964 387601 428366 454855 464043 454855 428366 387601 336964 281456 225874 174160 129021 91833 62801 41263 26048 15799 9207 5155 
4305 7690 13196 21757 34466 52456 76705 107767 145471 188666 235092 281456 323752 357801 379926 387601 379926 357801 323752 281456 235092 188666 145471 107767 76705 52456 34466 21757 13196 7690 4305 
3455 6171 10590 17461 27659 42097 61557 86485 116743 151408 188666 225874 259817 287142 304898 311057 304898 287142 259817 225874 188666 151408 116743 86485 61557 42097 27659 17461 10590 6171 3455 
2664 4758 8165 13463 21327 32459 47464 66684 90015 116743 145471 174160 200332 221401 235092 239841 235092 221401 200332 174160 145471 116743 90015 66684 47464 32459 21327 13463 8165 4758 2664 
1973 3525 6049 9973 15799 24046 35162 49401 66684 86485 107767 129021 148410 164018 174160 177679 174160 164018 148410 129021 107767 86485 66684 49401 35162 24046 15799 9973 6049 3525 1973 
1404 2509 4305 7099 11245 17115 25027 35162 47464 61557 76705 91833 105633 116743 123962 126466 123962 116743 105633 91833 76705 61557 47464 35162 25027 17115 11245 7099 4305 2509 1404 
960 1715 2944 4854 7690 11704 17115 24046 32459 42097 52456 62801 72238 79836 84773 86485 84773 79836 72238 62801 52456 42097 32459 24046 17115 11704 7690 4854 2944 1715 960 
631 1127 1934 3189 5052 7690 11245 15799 21327 27659 34466 41263 47464 52456 55699 56825 55699 52456 47464 41263 34466 27659 21327 15799 11245 7690 5052 3189 1934 1127 631 
398 711 1221 2013 3189 4854 7099 9973 13463 17461 21757 26048 29963 33114 35162 35872 35162 33114 29963 26048 21757 17461 13463 9973 7099 4854 3189 2013 1221 711 398 
241 431 740 1221 1934 2944 4305 6049 8165 10590 13196 15799 18173 20085 21327 21757 21327 20085 18173 15799 13196 10590 8165 6049 4305 2944 1934 1221 740 431 241 
140 251 431 711 1127 1715 2509 3525 4758 6171 7690 9207 10590 11704 12428 12679 12428 11704 10590 9207 7690 6171 4758 3525 2509 1715 1127 711 431 251 140 
78 140 241 398 631 960 1404 1973 2664 3455 4305 5155 5929 6553 6958 7099 6958 6553 5929 5155 4305 3455 2664 1973 1404 960 631 398 241 140 78 
