2025
2.48854e-11 5.88082e-11 1.33524e-10 2.91279e-10 6.10502e-10 1.2294e-09 2.37863e-09 4.42171e-09 7.89734e-09 1.35519e-08 2.23433e-08 3.53934e-08 5.38674e-08 7.87695e-08 1.10667e-07 1.49385e-07 1.93742e-07 2.41417e-07 2.89029e-07 3.32462e-07 3.67428e-07 3.90148e-07 3.98029e-07 3.90148e-07 3.67428e-07 3.32462e-07 2.89029e-07 2.41417e-07 1.93742e-07 1.49385e-07 1.10667e-07 7.87695e-08 5.38674e-08 3.53934e-08 2.23433e-08 1.35519e-08 7.89734e-09 4.42171e-09 2.37863e-09 1.2294e-09 6.10502e-10 2.91279e-10 1.33524e-10 5.88082e-11 2.48854e-11 
5.88082e-11 1.38973e-10 3.15539e-10 6.88339e-10 1.44271e-09 2.90527e-09 5.62109e-09 1.04492e-08 1.86627e-08 3.20253e-08 5.28008e-08 8.36404e-08 1.27297e-07 1.86145e-07 2.61524e-07 3.5302e-07 4.57843e-07 5.70507e-07 6.83021e-07 7.85662e-07 8.6829e-07 9.21982e-07 9.40608e-07 9.21982e-07 8.6829e-07 7.85662e-07 6.83021e-07 5.70507e-07 4.57843e-07 3.5302e-07 2.61524e-07 1.86145e-07 1.27297e-07 8.36404e-08 5.28008e-08 3.20253e-08 1.86627e-08 1.04492e-08 5.62109e-09 2.90527e-09 1.44271e-09 6.88339e-10 3.15539e-10 1.38973e-10 5.88082e-11 
1.33524e-10 3.15539e-10 7.16431e-10 1.56287e-09 3.27568e-09 6.59641e-09 1.27627e-08 2.37249e-08 4.23736e-08 7.27134e-08 1.19884e-07 1.89905e-07 2.89029e-07 4.22642e-07 5.9379e-07 8.01533e-07 1.03953e-06 1.29534e-06 1.5508e-06 1.78384e-06 1.97145e-06 2.09336e-06 2.13565e-06 2.09336e-06 1.97145e-06 1.78384e-06 1.5508e-06 1.29534e-06 1.03953e-06 8.01533e-07 5.9379e-07 4.22642e-07 2.89029e-07 1.89905e-07 1.19884e-07 7.27134e-08 4.23736e-08 2.37249e-08 1.27627e-08 6.59641e-09 3.27568e-09 1.56287e-09 7.16431e-10 3.15539e-10 1.33524e-10 
2.91279e-10 6.88339e-10 1.56287e-09 3.40937e-09 7.14581e-09 1.43899e-08 2.78415e-08 5.17553e-08 9.24369e-08 1.58622e-07 2.61524e-07 4.14273e-07 6.30508e-07 9.21982e-07 1.29534e-06 1.74852e-06 2.26771e-06 2.82574e-06 3.38303e-06 3.89141e-06 4.30067e-06 4.56661e-06 4.65886e-06 4.56661e-06 4.30067e-06 3.89141e-06 3.38303e-06 2.82574e-06 2.26771e-06 1.74852e-06 1.29534e-06 9.21982e-07 6.30508e-07 4.14273e-07 2.61524e-07 1.58622e-07 9.24369e-08 5.17553e-08 2.78415e-08 1.43899e-08 7.14581e-09 3.40937e-09 1.56287e-09 6.88339e-10 2.91279e-10 
6.10502e-10 1.44271e-09 3.27568e-09 7.14581e-09 1.49772e-08 3.01603e-08 5.83539e-08 1.08476e-07 1.93742e-07 3.32462e-07 5.48137e-07 8.6829e-07 1.3215e-06 1.93242e-06 2.71494e-06 3.66479e-06 4.75298e-06 5.92257e-06 7.09061e-06 8.15614e-06 9.01393e-06 9.57132e-06 9.76467e-06 9.57132e-06 9.01393e-06 8.15614e-06 7.09061e-06 5.92257e-06 4.75298e-06 3.66479e-06 2.71494e-06 1.93242e-06 1.3215e-06 8.6829e-07 5.48137e-07 3.32462e-07 1.93742e-07 1.08476e-07 5.83539e-08 3.01603e-08 1.49772e-08 7.14581e-09 3.27568e-09 1.44271e-09 6.10502e-10 
1.2294e-09 2.90527e-09 6.59641e-09 1.43899e-08 3.01603e-08 6.07354e-08 1.1751e-07 2.18443e-07 3.90148e-07 6.69497e-07 1.10381e-06 1.74852e-06 2.66118e-06 3.89141e-06 5.46722e-06 7.37998e-06 9.57132e-06 1.19266e-05 1.42787e-05 1.64244e-05 1.81518e-05 1.92743e-05 1.96636e-05 1.92743e-05 1.81518e-05 1.64244e-05 1.42787e-05 1.19266e-05 9.57132e-06 7.37998e-06 5.46722e-06 3.89141e-06 2.66118e-06 1.74852e-06 1.10381e-06 6.69497e-07 3.90148e-07 2.18443e-07 1.1751e-07 6.07354e-08 3.01603e-08 1.43899e-08 6.59641e-09 2.90527e-09 1.2294e-09 
2.37863e-09 5.62109e-09 1.27627e-08 2.78415e-08 5.83539e-08 1.1751e-07 2.27358e-07 4.22642e-07 7.54855e-07 1.29534e-06 2.13565e-06 3.38303e-06 5.14884e-06 7.52906e-06 1.05779e-05 1.42787e-05 1.85185e-05 2.30755e-05 2.76264e-05 3.17779e-05 3.512e-05 3.72917e-05 3.8045e-05 3.72917e-05 3.512e-05 3.17779e-05 2.76264e-05 2.30755e-05 1.85185e-05 1.42787e-05 1.05779e-05 7.52906e-06 5.14884e-06 3.38303e-06 2.13565e-06 1.29534e-06 7.54855e-07 4.22642e-07 2.27358e-07 1.1751e-07 5.83539e-08 2.78415e-08 1.27627e-08 5.62109e-09 2.37863e-09 
4.42171e-09 1.04492e-08 2.37249e-08 5.17553e-08 1.08476e-07 2.18443e-07 4.22642e-07 7.85662e-07 1.40322e-06 2.40794e-06 3.97002e-06 6.2888e-06 9.57132e-06 1.3996e-05 1.96636e-05 2.65431e-05 3.44246e-05 4.28957e-05 5.13554e-05 5.90728e-05 6.52856e-05 6.93226e-05 7.0723e-05 6.93226e-05 6.52856e-05 5.90728e-05 5.13554e-05 4.28957e-05 3.44246e-05 2.65431e-05 1.96636e-05 1.3996e-05 9.57132e-06 6.2888e-06 3.97002e-06 2.40794e-06 1.40322e-06 7.85662e-07 4.22642e-07 2.18443e-07 1.08476e-07 5.17553e-08 2.37249e-08 1.04492e-08 4.42171e-09 
7.89734e-09 1.86627e-08 4.23736e-08 9.24369e-08 1.93742e-07 3.90148e-07 7.54855e-07 1.40322e-06 2.50621e-06 4.30067e-06 7.09061e-06 1.1232e-05 1.70947e-05 2.49974e-05 3.512e-05 4.7407e-05 6.14836e-05 7.66133e-05 9.17228e-05 0.000105506 0.000116603 0.000123813 0.000126314 0.000123813 0.000116603 0.000105506 9.17228e-05 7.66133e-05 6.14836e-05 4.7407e-05 3.512e-05 2.49974e-05 1.70947e-05 1.1232e-05 7.09061e-06 4.30067e-06 2.50621e-06 1.40322e-06 7.54855e-07 3.90148e-07 1.93742e-07 9.24369e-08 4.23736e-08 1.86627e-08 7.89734e-09 
1.35519e-08 3.20253e-08 7.27134e-08 1.58622e-07 3.32462e-07 6.69497e-07 1.29534e-06 2.40794e-06 4.30067e-06 7.37998e-06 1.21675e-05 1.92743e-05 2.93347e-05 4.28957e-05 6.02662e-05 8.13508e-05 0.000105506 0.000131469 0.000157397 0.00018105 0.000200091 0.000212464 0.000216756 0.000212464 0.000200091 0.00018105 0.000157397 0.000131469 0.000105506 8.13508e-05 6.02662e-05 4.28957e-05 2.93347e-05 1.92743e-05 1.21675e-05 7.37998e-06 4.30067e-06 2.40794e-06 1.29534e-06 6.69497e-07 3.32462e-07 1.58622e-07 7.27134e-08 3.20253e-08 1.35519e-08 
2.23433e-08 5.28008e-08 1.19884e-07 2.61524e-07 5.48137e-07 1.10381e-06 2.13565e-06 3.97002e-06 7.09061e-06 1.21675e-05 2.00609e-05 3.17779e-05 4.83647e-05 7.0723e-05 9.93621e-05 0.000134125 0.000173951 0.000216756 0.000259504 0.0002985 0.000329894 0.000350293 0.00035737 0.000350293 0.000329894 0.0002985 0.000259504 0.000216756 0.000173951 0.000134125 9.93621e-05 7.0723e-05 4.83647e-05 3.17779e-05 2.00609e-05 1.21675e-05 7.09061e-06 3.97002e-06 2.13565e-06 1.10381e-06 5.48137e-07 2.61524e-07 1.19884e-07 5.28008e-08 2.23433e-08 
3.53934e-08 8.36404e-08 1.89905e-07 4.14273e-07 8.6829e-07 1.74852e-06 3.38303e-06 6.2888e-06 1.1232e-05 1.92743e-05 3.17779e-05 5.03385e-05 7.66133e-05 0.00011203 0.000157397 0.000212464 0.00027555 0.000343357 0.000411073 0.000472846 0.000522576 0.00055489 0.0005661 0.00055489 0.000522576 0.000472846 0.000411073 0.000343357 0.00027555 0.000212464 0.000157397 0.00011203 7.66133e-05 5.03385e-05 3.17779e-05 1.92743e-05 1.1232e-05 6.2888e-06 3.38303e-06 1.74852e-06 8.6829e-07 4.14273e-07 1.89905e-07 8.36404e-08 3.53934e-08 
5.38674e-08 1.27297e-07 2.89029e-07 6.30508e-07 1.3215e-06 2.66118e-06 5.14884e-06 9.57132e-06 1.70947e-05 2.93347e-05 4.83647e-05 7.66133e-05 0.000116603 0.000170506 0.000239552 0.000323361 0.000419377 0.000522576 0.000625637 0.000719654 0.000795341 0.000844522 0.000861582 0.000844522 0.000795341 0.000719654 0.000625637 0.000522576 0.000419377 0.000323361 0.000239552 0.000170506 0.000116603 7.66133e-05 4.83647e-05 2.93347e-05 1.70947e-05 9.57132e-06 5.14884e-06 2.66118e-06 1.3215e-06 6.30508e-07 2.89029e-07 1.27297e-07 5.38674e-08 
7.87695e-08 1.86145e-07 4.22642e-07 9.21982e-07 1.93242e-06 3.89141e-06 7.52906e-06 1.3996e-05 2.49974e-05 4.28957e-05 7.0723e-05 0.00011203 0.000170506 0.000249328 0.000350293 0.000472846 0.000613249 0.000764155 0.00091486 0.00105234 0.00116301 0.00123493 0.00125988 0.00123493 0.00116301 0.00105234 0.00091486 0.000764155 0.000613249 0.000472846 0.000350293 0.000249328 0.000170506 0.00011203 7.0723e-05 4.28957e-05 2.49974e-05 1.3996e-05 7.52906e-06 3.89141e-06 1.93242e-06 9.21982e-07 4.22642e-07 1.86145e-07 7.87695e-08 
1.10667e-07 2.61524e-07 5.9379e-07 1.29534e-06 2.71494e-06 5.46722e-06 1.05779e-05 1.96636e-05 3.512e-05 6.02662e-05 9.93621e-05 0.000157397 0.000239552 0.000350293 0.000492144 0.000664325 0.000861582 0.0010736 0.00128533 0.00147848 0.00163397 0.00173501 0.00177006 0.00173501 0.00163397 0.00147848 0.00128533 0.0010736 0.000861582 0.000664325 0.000492144 0.000350293 0.000239552 0.000157397 9.93621e-05 6.02662e-05 3.512e-05 1.96636e-05 1.05779e-05 5.46722e-06 2.71494e-06 1.29534e-06 5.9379e-07 2.61524e-07 1.10667e-07 
1.49385e-07 3.5302e-07 8.01533e-07 1.74852e-06 3.66479e-06 7.37998e-06 1.42787e-05 2.65431e-05 4.7407e-05 8.13508e-05 0.000134125 0.000212464 0.000323361 0.000472846 0.000664325 0.000896744 0.00116301 0.00144921 0.00173501 0.00199574 0.00220564 0.00234202 0.00238934 0.00234202 0.00220564 0.00199574 0.00173501 0.00144921 0.00116301 0.000896744 0.000664325 0.000472846 0.000323361 0.000212464 0.000134125 8.13508e-05 4.7407e-05 2.65431e-05 1.42787e-05 7.37998e-06 3.66479e-06 1.74852e-06 8.01533e-07 3.5302e-07 1.49385e-07 
1.93742e-07 4.57843e-07 1.03953e-06 2.26771e-06 4.75298e-06 9.57132e-06 1.85185e-05 3.44246e-05 6.14836e-05 0.000105506 0.000173951 0.00027555 0.000419377 0.000613249 0.000861582 0.00116301 0.00150835 0.00187952 0.00225019 0.00258834 0.00286055 0.00303744 0.0030988 0.00303744 0.00286055 0.00258834 0.00225019 0.00187952 0.00150835 0.00116301 0.000861582 0.000613249 0.000419377 0.00027555 0.000173951 0.000105506 6.14836e-05 3.44246e-05 1.85185e-05 9.57132e-06 4.75298e-06 2.26771e-06 1.03953e-06 4.57843e-07 1.93742e-07 
2.41417e-07 5.70507e-07 1.29534e-06 2.82574e-06 5.92257e-06 1.19266e-05 2.30755e-05 4.28957e-05 7.66133e-05 0.000131469 0.000216756 0.000343357 0.000522576 0.000764155 0.0010736 0.00144921 0.00187952 0.00234202 0.00280391 0.00322527 0.00356447 0.00378489 0.00386134 0.00378489 0.00356447 0.00322527 0.00280391 0.00234202 0.00187952 0.00144921 0.0010736 0.000764155 0.000522576 0.000343357 0.000216756 0.000131469 7.66133e-05 4.28957e-05 2.30755e-05 1.19266e-05 5.92257e-06 2.82574e-06 1.29534e-06 5.70507e-07 2.41417e-07 
2.89029e-07 6.83021e-07 1.5508e-06 3.38303e-06 7.09061e-06 1.42787e-05 2.76264e-05 5.13554e-05 9.17228e-05 0.000157397 0.000259504 0.000411073 0.000625637 0.00091486 0.00128533 0.00173501 0.00225019 0.00280391 0.00335689 0.00386134 0.00426745 0.00453133 0.00462287 0.00453133 0.00426745 0.00386134 0.00335689 0.00280391 0.00225019 0.00173501 0.00128533 0.00091486 0.000625637 0.000411073 0.000259504 0.000157397 9.17228e-05 5.13554e-05 2.76264e-05 1.42787e-05 7.09061e-06 3.38303e-06 1.5508e-06 6.83021e-07 2.89029e-07 
3.32462e-07 7.85662e-07 1.78384e-06 3.89141e-06 8.15614e-06 1.64244e-05 3.17779e-05 5.90728e-05 0.000105506 0.00018105 0.0002985 0.000472846 0.000719654 0.00105234 0.00147848 0.00199574 0.00258834 0.00322527 0.00386134 0.0044416 0.00490873 0.00521227 0.00531757 0.00521227 0.00490873 0.0044416 0.00386134 0.00322527 0.00258834 0.00199574 0.00147848 0.00105234 0.000719654 0.000472846 0.0002985 0.00018105 0.000105506 5.90728e-05 3.17779e-05 1.64244e-05 8.15614e-06 3.89141e-06 1.78384e-06 7.85662e-07 3.32462e-07 
3.67428e-07 8.6829e-07 1.97145e-06 4.30067e-06 9.01393e-06 1.81518e-05 3.512e-05 6.52856e-05 0.000116603 0.000200091 0.000329894 0.000522576 0.000795341 0.00116301 0.00163397 0.00220564 0.00286055 0.00356447 0.00426745 0.00490873 0.00542499 0.00576045 0.00587682 0.00576045 0.00542499 0.00490873 0.00426745 0.00356447 0.00286055 0.00220564 0.00163397 0.00116301 0.000795341 0.000522576 0.000329894 0.000200091 0.000116603 6.52856e-05 3.512e-05 1.81518e-05 9.01393e-06 4.30067e-06 1.97145e-06 8.6829e-07 3.67428e-07 
3.90148e-07 9.21982e-07 2.09336e-06 4.56661e-06 9.57132e-06 1.92743e-05 3.72917e-05 6.93226e-05 0.000123813 0.000212464 0.000350293 0.00055489 0.000844522 0.00123493 0.00173501 0.00234202 0.00303744 0.00378489 0.00453133 0.00521227 0.00576045 0.00611666 0.00624022 0.00611666 0.00576045 0.00521227 0.00453133 0.00378489 0.00303744 0.00234202 0.00173501 0.00123493 0.000844522 0.00055489 0.000350293 0.000212464 0.000123813 6.93226e-05 3.72917e-05 1.92743e-05 9.57132e-06 4.56661e-06 2.09336e-06 9.21982e-07 3.90148e-07 
3.98029e-07 9.40608e-07 2.13565e-06 4.65886e-06 9.76467e-06 1.96636e-05 3.8045e-05 7.0723e-05 0.000126314 0.000216756 0.00035737 0.0005661 0.000861582 0.00125988 0.00177006 0.00238934 0.0030988 0.00386134 0.00462287 0.00531757 0.00587682 0.00624022 0.00636628 0.00624022 0.00587682 0.00531757 0.00462287 0.00386134 0.0030988 0.00238934 0.00177006 0.00125988 0.000861582 0.0005661 0.00035737 0.000216756 0.000126314 7.0723e-05 3.8045e-05 1.96636e-05 9.76467e-06 4.65886e-06 2.13565e-06 9.40608e-07 3.98029e-07 
3.90148e-07 9.21982e-07 2.09336e-06 4.56661e-06 9.57132e-06 1.92743e-05 3.72917e-05 6.93226e-05 0.000123813 0.000212464 0.000350293 0.00055489 0.000844522 0.00123493 0.00173501 0.00234202 0.00303744 0.00378489 0.00453133 0.00521227 0.00576045 0.00611666 0.00624022 0.00611666 0.00576045 0.00521227 0.00453133 0.00378489 0.00303744 0.00234202 0.00173501 0.00123493 0.000844522 0.00055489 0.000350293 0.000212464 0.000123813 6.93226e-05 3.72917e-05 1.92743e-05 9.57132e-06 4.56661e-06 2.09336e-06 9.21982e-07 3.90148e-07 
3.67428e-07 8.6829e-07 1.97145e-06 4.30067e-06 9.01393e-06 1.81518e-05 3.512e-05 6.52856e-05 0.000116603 0.000200091 0.000329894 0.000522576 0.000795341 0.00116301 0.00163397 0.00220564 0.00286055 0.00356447 0.00426745 0.00490873 0.00542499 0.00576045 0.00587682 0.00576045 0.00542499 0.00490873 0.00426745 0.00356447 0.00286055 0.00220564 0.00163397 0.00116301 0.000795341 0.000522576 0.000329894 0.000200091 0.000116603 6.52856e-05 3.512e-05 1.81518e-05 9.01393e-06 4.30067e-06 1.97145e-06 8.6829e-07 3.67428e-07 
3.32462e-07 7.85662e-07 1.78384e-06 3.89141e-06 8.15614e-06 1.64244e-05 3.17779e-05 5.90728e-05 0.000105506 0.00018105 0.0002985 0.000472846 0.000719654 0.00105234 0.00147848 0.00199574 0.00258834 0.00322527 0.00386134 0.0044416 0.00490873 0.00521227 0.00531757 0.00521227 0.00490873 0.0044416 0.00386134 0.00322527 0.00258834 0.00199574 0.00147848 0.00105234 0.000719654 0.000472846 0.0002985 0.00018105 0.000105506 5.90728e-05 3.17779e-05 1.64244e-05 8.15614e-06 3.89141e-06 1.78384e-06 7.85662e-07 3.32462e-07 
2.89029e-07 6.83021e-07 1.5508e-06 3.38303e-06 7.09061e-06 1.42787e-05 2.76264e-05 5.13554e-05 9.17228e-05 0.000157397 0.000259504 0.000411073 0.000625637 0.00091486 0.00128533 0.00173501 0.00225019 0.00280391 0.00335689 0.00386134 0.00426745 0.00453133 0.00462287 0.00453133 0.00426745 0.00386134 0.00335689 0.00280391 0.00225019 0.00173501 0.00128533 0.00091486 0.000625637 0.000411073 0.000259504 0.000157397 9.17228e-05 5.13554e-05 2.76264e-05 1.42787e-05 7.09061e-06 3.38303e-06 1.5508e-06 6.83021e-07 2.89029e-07 
2.41417e-07 5.70507e-07 1.29534e-06 2.82574e-06 5.92257e-06 1.19266e-05 2.30755e-05 4.28957e-05 7.66133e-05 0.000131469 0.000216756 0.000343357 0.000522576 0.000764155 0.0010736 0.00144921 0.00187952 0.00234202 0.00280391 0.00322527 0.00356447 0.00378489 0.00386134 0.00378489 0.00356447 0.00322527 0.00280391 0.00234202 0.00187952 0.00144921 0.0010736 0.000764155 0.000522576 0.000343357 0.000216756 0.000131469 7.66133e-05 4.28957e-05 2.30755e-05 1.19266e-05 5.92257e-06 2.82574e-06 1.29534e-06 5.70507e-07 2.41417e-07 
1.93742e-07 4.57843e-07 1.03953e-06 2.26771e-06 4.75298e-06 9.57132e-06 1.85185e-05 3.44246e-05 6.14836e-05 0.000105506 0.000173951 0.00027555 0.000419377 0.000613249 0.000861582 0.00116301 0.00150835 0.00187952 0.00225019 0.00258834 0.00286055 0.00303744 0.0030988 0.00303744 0.00286055 0.00258834 0.00225019 0.00187952 0.00150835 0.00116301 0.000861582 0.000613249 0.000419377 0.00027555 0.000173951 0.000105506 6.14836e-05 3.44246e-05 1.85185e-05 9.57132e-06 4.75298e-06 2.26771e-06 1.03953e-06 4.57843e-07 1.93742e-07 
1.49385e-07 3.5302e-07 8.01533e-07 1.74852e-06 3.66479e-06 7.37998e-06 1.42787e-05 2.65431e-05 4.7407e-05 8.13508e-05 0.000134125 0.000212464 0.000323361 0.000472846 0.000664325 0.000896744 0.00116301 0.00144921 0.00173501 0.00199574 0.00220564 0.00234202 0.00238934 0.00234202 0.00220564 0.00199574 0.00173501 0.00144921 0.00116301 0.000896744 0.000664325 0.000472846 0.000323361 0.000212464 0.000134125 8.13508e-05 4.7407e-05 2.65431e-05 1.42787e-05 7.37998e-06 3.66479e-06 1.74852e-06 8.01533e-07 3.5302e-07 1.49385e-07 
1.10667e-07 2.61524e-07 5.9379e-07 1.29534e-06 2.71494e-06 5.46722e-06 1.05779e-05 1.96636e-05 3.512e-05 6.02662e-05 9.93621e-05 0.000157397 0.000239552 0.000350293 0.000492144 0.000664325 0.000861582 0.0010736 0.00128533 0.00147848 0.00163397 0.00173501 0.00177006 0.00173501 0.00163397 0.00147848 0.00128533 0.0010736 0.000861582 0.000664325 0.000492144 0.000350293 0.000239552 0.000157397 9.93621e-05 6.02662e-05 3.512e-05 1.96636e-05 1.05779e-05 5.46722e-06 2.71494e-06 1.29534e-06 5.9379e-07 2.61524e-07 1.10667e-07 
7.87695e-08 1.86145e-07 4.22642e-07 9.21982e-07 1.93242e-06 3.89141e-06 7.52906e-06 1.3996e-05 2.49974e-05 4.28957e-05 7.0723e-05 0.00011203 0.000170506 0.000249328 0.000350293 0.000472846 0.000613249 0.000764155 0.00091486 0.00105234 0.00116301 0.00123493 0.00125988 0.00123493 0.00116301 0.00105234 0.00091486 0.000764155 0.000613249 0.000472846 0.000350293 0.000249328 0.000170506 0.00011203 7.0723e-05 4.28957e-05 2.49974e-05 1.3996e-05 7.52906e-06 3.89141e-06 1.93242e-06 9.21982e-07 4.22642e-07 1.86145e-07 7.87695e-08 
5.38674e-08 1.27297e-07 2.89029e-07 6.30508e-07 1.3215e-06 2.66118e-06 5.14884e-06 9.57132e-06 1.70947e-05 2.93347e-05 4.83647e-05 7.66133e-05 0.000116603 0.000170506 0.000239552 0.000323361 0.000419377 0.000522576 0.000625637 0.000719654 0.000795341 0.000844522 0.000861582 0.000844522 0.000795341 0.000719654 0.000625637 0.000522576 0.000419377 0.000323361 0.000239552 0.000170506 0.000116603 7.66133e-05 4.83647e-05 2.93347e-05 1.70947e-05 9.57132e-06 5.14884e-06 2.66118e-06 1.3215e-06 6.30508e-07 2.89029e-07 1.27297e-07 5.38674e-08 
3.53934e-08 8.36404e-08 1.89905e-07 4.14273e-07 8.6829e-07 1.74852e-06 3.38303e-06 6.2888e-06 1.1232e-05 1.92743e-05 3.17779e-05 5.03385e-05 7.66133e-05 0.00011203 0.000157397 0.000212464 0.00027555 0.000343357 0.000411073 0.000472846 0.000522576 0.00055489 0.0005661 0.00055489 0.000522576 0.000472846 0.000411073 0.000343357 0.00027555 0.000212464 0.000157397 0.00011203 7.66133e-05 5.03385e-05 3.17779e-05 1.92743e-05 1.1232e-05 6.2888e-06 3.38303e-06 1.74852e-06 8.6829e-07 4.14273e-07 1.89905e-07 8.36404e-08 3.53934e-08 
2.23433e-08 5.28008e-08 1.19884e-07 2.61524e-07 5.48137e-07 1.10381e-06 2.13565e-06 3.97002e-06 7.09061e-06 1.21675e-05 2.00609e-05 3.17779e-05 4.83647e-05 7.0723e-05 9.93621e-05 0.000134125 0.000173951 0.000216756 0.000259504 0.0002985 0.000329894 0.000350293 0.00035737 0.000350293 0.000329894 0.0002985 0.000259504 0.000216756 0.000173951 0.000134125 9.93621e-05 7.0723e-05 4.83647e-05 3.17779e-05 2.00609e-05 1.21675e-05 7.09061e-06 3.97002e-06 2.13565e-06 1.10381e-06 5.48137e-07 2.61524e-07 1.19884e-07 5.28008e-08 2.23433e-08 
1.35519e-08 3.20253e-08 7.27134e-08 1.58622e-07 3.32462e-07 6.69497e-07 1.29534e-06 2.40794e-06 4.30067e-06 7.37998e-06 1.21675e-05 1.92743e-05 2.93347e-05 4.28957e-05 6.02662e-05 8.13508e-05 0.000105506 0.000131469 0.000157397 0.00018105 0.000200091 0.000212464 0.000216756 0.000212464 0.000200091 0.00018105 0.000157397 0.000131469 0.000105506 8.13508e-05 6.02662e-05 4.28957e-05 2.93347e-05 1.92743e-05 1.21675e-05 7.37998e-06 4.30067e-06 2.40794e-06 1.29534e-06 6.69497e-07 3.32462e-07 1.58622e-07 7.27134e-08 3.20253e-08 1.35519e-08 
7.89734e-09 1.86627e-08 4.23736e-08 9.24369e-08 1.93742e-07 3.90148e-07 7.54855e-07 1.40322e-06 2.50621e-06 4.30067e-06 7.09061e-06 1.1232e-05 1.70947e-05 2.49974e-05 3.512e-05 4.7407e-05 6.14836e-05 7.66133e-05 9.17228e-05 0.000105506 0.000116603 0.000123813 0.000126314 0.000123813 0.000116603 0.000105506 9.17228e-05 7.66133e-05 6.14836e-05 4.7407e-05 3.512e-05 2.49974e-05 1.70947e-05 1.1232e-05 7.09061e-06 4.30067e-06 2.50621e-06 1.40322e-06 7.54855e-07 3.90148e-07 1.93742e-07 9.24369e-08 4.23736e-08 1.86627e-08 7.89734e-09 
4.42171e-09 1.04492e-08 2.37249e-08 5.17553e-08 1.08476e-07 2.18443e-07 4.22642e-07 7.85662e-07 1.40322e-06 2.40794e-06 3.97002e-06 6.2888e-06 9.57132e-06 1.3996e-05 1.96636e-05 2.65431e-05 3.44246e-05 4.28957e-05 5.13554e-05 5.90728e-05 6.52856e-05 6.93226e-05 7.0723e-05 6.93226e-05 6.52856e-05 5.90728e-05 5.13554e-05 4.28957e-05 3.44246e-05 2.65431e-05 1.96636e-05 1.3996e-05 9.57132e-06 6.2888e-06 3.97002e-06 2.40794e-06 1.40322e-06 7.85662e-07 4.22642e-07 2.18443e-07 1.08476e-07 5.17553e-08 2.37249e-08 1.04492e-08 4.42171e-09 
2.37863e-09 5.62109e-09 1.27627e-08 2.78415e-08 5.83539e-08 1.1751e-07 2.27358e-07 4.22642e-07 7.54855e-07 1.29534e-06 2.13565e-06 3.38303e-06 5.14884e-06 7.52906e-06 1.05779e-05 1.42787e-05 1.85185e-05 2.30755e-05 2.76264e-05 3.17779e-05 3.512e-05 3.72917e-05 3.8045e-05 3.72917e-05 3.512e-05 3.17779e-05 2.76264e-05 2.30755e-05 1.85185e-05 1.42787e-05 1.05779e-05 7.52906e-06 5.14884e-06 3.38303e-06 2.13565e-06 1.29534e-06 7.54855e-07 4.22642e-07 2.27358e-07 1.1751e-07 5.83539e-08 2.78415e-08 1.27627e-08 5.62109e-09 2.37863e-09 
1.2294e-09 2.90527e-09 6.59641e-09 1.43899e-08 3.01603e-08 6.07354e-08 1.1751e-07 2.18443e-07 3.90148e-07 6.69497e-07 1.10381e-06 1.74852e-06 2.66118e-06 3.89141e-06 5.46722e-06 7.37998e-06 9.57132e-06 1.19266e-05 1.42787e-05 1.64244e-05 1.81518e-05 1.92743e-05 1.96636e-05 1.92743e-05 1.81518e-05 1.64244e-05 1.42787e-05 1.19266e-05 9.57132e-06 7.37998e-06 5.46722e-06 3.89141e-06 2.66118e-06 1.74852e-06 1.10381e-06 6.69497e-07 3.90148e-07 2.18443e-07 1.1751e-07 6.07354e-08 3.01603e-08 1.43899e-08 6.59641e-09 2.90527e-09 1.2294e-09 
6.10502e-10 1.44271e-09 3.27568e-09 7.14581e-09 1.49772e-08 3.01603e-08 5.83539e-08 1.08476e-07 1.93742e-07 3.32462e-07 5.48137e-07 8.6829e-07 1.3215e-06 1.93242e-06 2.71494e-06 3.66479e-06 4.75298e-06 5.92257e-06 7.09061e-06 8.15614e-06 9.01393e-06 9.57132e-06 9.76467e-06 9.57132e-06 9.01393e-06 8.15614e-06 7.09061e-06 5.92257e-06 4.75298e-06 3.66479e-06 2.71494e-06 1.93242e-06 1.3215e-06 8.6829e-07 5.48137e-07 3.32462e-07 1.93742e-07 1.08476e-07 5.83539e-08 3.01603e-08 1.49772e-08 7.14581e-09 3.27568e-09 1.44271e-09 6.10502e-10 
2.91279e-10 6.88339e-10 1.56287e-09 3.40937e-09 7.14581e-09 1.43899e-08 2.78415e-08 5.17553e-08 9.24369e-08 1.58622e-07 2.61524e-07 4.14273e-07 6.30508e-07 9.21982e-07 1.29534e-06 1.74852e-06 2.26771e-06 2.82574e-06 3.38303e-06 3.89141e-06 4.30067e-06 4.56661e-06 4.65886e-06 4.56661e-06 4.30067e-06 3.89141e-06 3.38303e-06 2.82574e-06 2.26771e-06 1.74852e-06 1.29534e-06 9.21982e-07 6.30508e-07 4.14273e-07 2.61524e-07 1.58622e-07 9.24369e-08 5.17553e-08 2.78415e-08 1.43899e-08 7.14581e-09 3.40937e-09 1.56287e-09 6.88339e-10 2.91279e-10 
1.33524e-10 3.15539e-10 7.16431e-10 1.56287e-09 3.27568e-09 6.59641e-09 1.27627e-08 2.37249e-08 4.23736e-08 7.27134e-08 1.19884e-07 1.89905e-07 2.89029e-07 4.22642e-07 5.9379e-07 8.01533e-07 1.03953e-06 1.29534e-06 1.5508e-06 1.78384e-06 1.97145e-06 2.09336e-06 2.13565e-06 2.09336e-06 1.97145e-06 1.78384e-06 1.5508e-06 1.29534e-06 1.03953e-06 8.01533e-07 5.9379e-07 4.22642e-07 2.89029e-07 1.89905e-07 1.19884e-07 7.27134e-08 4.23736e-08 2.37249e-08 1.27627e-08 6.59641e-09 3.27568e-09 1.56287e-09 7.16431e-10 3.15539e-10 1.33524e-10 
5.88082e-11 1.38973e-10 3.15539e-10 6.88339e-10 1.44271e-09 2.90527e-09 5.62109e-09 1.04492e-08 1.86627e-08 3.20253e-08 5.28008e-08 8.36404e-08 1.27297e-07 1.86145e-07 2.61524e-07 3.5302e-07 4.57843e-07 5.70507e-07 6.83021e-07 7.85662e-07 8.6829e-07 9.21982e-07 9.40608e-07 9.21982e-07 8.6829e-07 7.85662e-07 6.83021e-07 5.70507e-07 4.57843e-07 3.5302e-07 2.61524e-07 1.86145e-07 1.27297e-07 8.36404e-08 5.28008e-08 3.20253e-08 1.86627e-08 1.04492e-08 5.62109e-09 2.90527e-09 1.44271e-09 6.88339e-10 3.15539e-10 1.38973e-10 5.88082e-11 
2.48854e-11 5.88082e-11 1.33524e-10 2.91279e-10 6.10502e-10 1.2294e-09 2.37863e-09 4.42171e-09 7.89734e-09 1.35519e-08 2.23433e-08 3.53934e-08 5.38674e-08 7.87695e-08 1.10667e-07 1.49385e-07 1.93742e-07 2.41417e-07 2.89029e-07 3.32462e-07 3.67428e-07 3.90148e-07 3.98029e-07 3.90148e-07 3.67428e-07 3.32462e-07 2.89029e-07 2.41417e-07 1.93742e-07 1.49385e-07 1.10667e-07 7.87695e-08 5.38674e-08 3.53934e-08 2.23433e-08 1.35519e-08 7.89734e-09 4.42171e-09 2.37863e-09 1.2294e-09 6.10502e-10 2.91279e-10 1.33524e-10 5.88082e-11 2.48854e-11 
