961
0 0 0 0 0 0 1 1 2 3 4 5 5 6 6 7 6 6 5 5 4 3 2 1 1 0 0 0 0 0 0 
0 0 0 0 1 1 2 3 4 6 7 9 10 11 12 12 12 11 10 9 7 6 4 3 2 1 1 0 0 0 0 
0 0 0 1 1 2 4 6 8 10 13 15 18 20 21 21 21 20 18 15 13 10 8 6 4 2 1 1 0 0 0 
0 0 1 2 3 4 7 9 13 17 21 26 29 33 35 35 35 33 29 26 21 17 13 9 7 4 3 2 1 0 0 
0 1 1 3 5 7 11 15 21 27 34 41 47 52 55 56 55 52 47 41 34 27 21 15 11 7 5 3 1 1 0 
0 1 2 4 7 11 17 24 32 42 52 62 72 79 84 86 84 79 72 62 52 42 32 24 17 11 7 4 2 1 0 
1 2 4 7 11 17 25 35 47 61 76 91 105 116 123 126 123 116 105 91 76 61 47 35 25 17 11 7 4 2 1 
1 3 6 9 15 24 35 49 66 86 107 129 148 164 174 177 174 164 148 129 107 86 66 49 35 24 15 9 6 3 1 
2 4 8 13 21 32 47 66 90 116 145 174 200 221 235 239 235 221 200 174 145 116 90 66 47 32 21 13 8 4 2 
3 6 10 17 27 42 61 86 116 151 188 225 259 287 304 311 304 287 259 225 188 151 116 86 61 42 27 17 10 6 3 
4 7 13 21 34 52 76 107 145 188 235 281 323 357 379 387 379 357 323 281 235 188 145 107 76 52 34 21 13 7 4 
5 9 15 26 41 62 91 129 174 225 281 336 387 428 454 464 454 428 387 336 281 225 174 129 91 62 41 26 15 9 5 
5 10 18 29 47 72 105 148 200 259 323 387 445 492 523 533 523 492 445 387 323 259 200 148 105 72 47 29 18 10 5 
6 11 20 33 52 79 116 164 221 287 357 428 492 544 578 589 578 544 492 428 357 287 221 164 116 79 52 33 20 11 6 
6 12 21 35 55 84 123 174 235 304 379 454 523 578 613 626 613 578 523 454 379 304 235 174 123 84 55 35 21 12 6 
7 12 21 35 56 86 126 177 239 311 387 464 533 589 626 639 626 589 533 464 387 311 239 177 126 86 56 35 21 12 7 
6 12 21 35 55 84 123 174 235 304 379 454 523 578 613 626 613 578 523 454 379 304 235 174 123 84 55 35 21 12 6 
6 11 20 33 52 79 116 164 221 287 357 428 492 544 578 589 578 544 492 428 357 287 221 164 116 79 52 33 20 11 6 
5 10 18 29 47 72 105 148 200 259 323 387 445 492 523 533 523 492 445 387 323 259 200 148 105 72 47 29 18 10 5 
5 9 15 26 41 62 91 129 174 225 281 336 387 428 454 464 454 428 387 336 281 225 174 129 91 62 41 26 15 9 5 
4 7 13 21 34 52 76 107 145 188 235 281 323 357 379 387 379 357 323 281 235 188 145 107 76 52 34 21 13 7 4 
3 6 10 17 27 42 61 86 116 151 188 225 259 287 304 311 304 287 259 225 188 151 116 86 61 42 27 17 10 6 3 
2 4 8 13 21 32 47 66 90 116 145 174 200 221 235 239 235 221 200 174 145 116 90 66 47 32 21 13 8 4 2 
1 3 6 9 15 24 35 49 66 86 107 129 148 164 174 177 174 164 148 129 107 86 66 49 35 24 15 9 6 3 1 
1 2 4 7 11 17 25 35 47 61 76 91 105 116 123 126 123 116 105 91 76 61 47 35 25 17 11 7 4 2 1 
0 1 2 4 7 11 17 24 32 42 52 62 72 79 84 86 84 79 72 62 52 42 32 24 17 11 7 4 2 1 0 
0 1 1 3 5 7 11 15 21 27 34 41 47 52 55 56 55 52 47 41 34 27 21 15 11 7 5 3 1 1 0 
0 0 1 2 3 4 7 9 13 17 21 26 29 33 35 35 35 33 29 26 21 17 13 9 7 4 3 2 1 0 0 
0 0 0 1 1 2 4 6 8 10 13 15 18 20 21 21 21 20 18 15 13 10 8 6 4 2 1 1 0 0 0 
0 0 0 0 1 1 2 3 4 6 7 9 10 11 12 12 12 11 10 9 7 6 4 3 2 1 1 0 0 0 0 
0 0 0 0 0 0 1 1 2 3 4 5 5 6 6 7 6 6 5 5 4 3 2 1 1 0 0 0 0 0 0 
