10201
4.95478e-05 5.05386e-05 5.15286e-05 5.2517e-05 5.3503e-05 5.44856e-05 5.54642e-05 5.64377e-05 5.74053e-05 5.83662e-05 5.93194e-05 6.02641e-05 6.11994e-05 6.21243e-05 6.3038e-05 6.39395e-05 6.4828e-05 6.57025e-05 6.65622e-05 6.74062e-05 6.82336e-05 6.90435e-05 6.98351e-05 7.06076e-05 7.136e-05 7.20916e-05 7.28015e-05 7.34891e-05 7.41535e-05 7.4794e-05 7.54098e-05 7.60003e-05 7.65648e-05 7.71026e-05 7.76132e-05 7.80959e-05 7.85501e-05 7.89755e-05 7.93713e-05 7.97373e-05 8.00729e-05 8.03777e-05 8.06515e-05 8.08938e-05 8.11044e-05 8.1283e-05 8.14295e-05 8.15435e-05 8.16251e-05 8.16741e-05 8.16905e-05 8.16741e-05 8.16251e-05 8.15435e-05 8.14295e-05 8.1283e-05 8.11044e-05 8.08938e-05 8.06515e-05 8.03777e-05 8.00729e-05 7.97373e-05 7.93713e-05 7.89755e-05 7.85501e-05 7.80959e-05 7.76132e-05 7.71026e-05 7.65648e-05 7.60003e-05 7.54098e-05 7.4794e-05 7.41535e-05 7.34891e-05 7.28015e-05 7.20916e-05 7.136e-05 7.06076e-05 6.98351e-05 6.90435e-05 6.82336e-05 6.74062e-05 6.65622e-05 6.57025e-05 6.4828e-05 6.39395e-05 6.3038e-05 6.21243e-05 6.11994e-05 6.02641e-05 5.93194e-05 5.83662e-05 5.74053e-05 5.64377e-05 5.54642e-05 5.44856e-05 5.3503e-05 5.2517e-05 5.15286e-05 5.05386e-05 4.95478e-05 
5.05386e-05 5.15492e-05 5.2559e-05 5.35672e-05 5.45729e-05 5.55752e-05 5.65733e-05 5.75663e-05 5.85533e-05 5.95334e-05 6.05057e-05 6.14693e-05 6.24232e-05 6.33666e-05 6.42986e-05 6.52181e-05 6.61244e-05 6.70164e-05 6.78933e-05 6.87542e-05 6.95981e-05 7.04242e-05 7.12316e-05 7.20195e-05 7.2787e-05 7.35332e-05 7.42574e-05 7.49587e-05 7.56364e-05 7.62896e-05 7.69178e-05 7.75201e-05 7.80959e-05 7.86445e-05 7.91652e-05 7.96576e-05 8.01209e-05 8.05548e-05 8.09585e-05 8.13318e-05 8.16741e-05 8.19851e-05 8.22643e-05 8.25115e-05 8.27263e-05 8.29085e-05 8.30578e-05 8.31742e-05 8.32574e-05 8.33074e-05 8.3324e-05 8.33074e-05 8.32574e-05 8.31742e-05 8.30578e-05 8.29085e-05 8.27263e-05 8.25115e-05 8.22643e-05 8.19851e-05 8.16741e-05 8.13318e-05 8.09585e-05 8.05548e-05 8.01209e-05 7.96576e-05 7.91652e-05 7.86445e-05 7.80959e-05 7.75201e-05 7.69178e-05 7.62896e-05 7.56364e-05 7.49587e-05 7.42574e-05 7.35332e-05 7.2787e-05 7.20195e-05 7.12316e-05 7.04242e-05 6.95981e-05 6.87542e-05 6.78933e-05 6.70164e-05 6.61244e-05 6.52181e-05 6.42986e-05 6.33666e-05 6.24232e-05 6.14693e-05 6.05057e-05 5.95334e-05 5.85533e-05 5.75663e-05 5.65733e-05 5.55752e-05 5.45729e-05 5.35672e-05 5.2559e-05 5.15492e-05 5.05386e-05 
5.15286e-05 5.2559e-05 5.35886e-05 5.46166e-05 5.56419e-05 5.66639e-05 5.76815e-05 5.8694e-05 5.97003e-05 6.06996e-05 6.16909e-05 6.26734e-05 6.3646e-05 6.46079e-05 6.55581e-05 6.64957e-05 6.74197e-05 6.83292e-05 6.92233e-05 7.0101e-05 7.09615e-05 7.18038e-05 7.2627e-05 7.34303e-05 7.42128e-05 7.49737e-05 7.5712e-05 7.64271e-05 7.7118e-05 7.77841e-05 7.84246e-05 7.90387e-05 7.96257e-05 8.01851e-05 8.0716e-05 8.1218e-05 8.16905e-05 8.21328e-05 8.25445e-05 8.29251e-05 8.32741e-05 8.35911e-05 8.38758e-05 8.41278e-05 8.43468e-05 8.45326e-05 8.46849e-05 8.48035e-05 8.48884e-05 8.49393e-05 8.49563e-05 8.49393e-05 8.48884e-05 8.48035e-05 8.46849e-05 8.45326e-05 8.43468e-05 8.41278e-05 8.38758e-05 8.35911e-05 8.32741e-05 8.29251e-05 8.25445e-05 8.21328e-05 8.16905e-05 8.1218e-05 8.0716e-05 8.01851e-05 7.96257e-05 7.90387e-05 7.84246e-05 7.77841e-05 7.7118e-05 7.64271e-05 7.5712e-05 7.49737e-05 7.42128e-05 7.34303e-05 7.2627e-05 7.18038e-05 7.09615e-05 7.0101e-05 6.92233e-05 6.83292e-05 6.74197e-05 6.64957e-05 6.55581e-05 6.46079e-05 6.3646e-05 6.26734e-05 6.16909e-05 6.06996e-05 5.97003e-05 5.8694e-05 5.76815e-05 5.66639e-05 5.56419e-05 5.46166e-05 5.35886e-05 5.2559e-05 5.15286e-05 
5.2517e-05 5.35672e-05 5.46166e-05 5.56642e-05 5.67092e-05 5.77508e-05 5.8788e-05 5.98198e-05 6.08455e-05 6.18639e-05 6.28743e-05 6.38756e-05 6.48669e-05 6.58472e-05 6.68156e-05 6.77712e-05 6.87129e-05 6.96399e-05 7.05511e-05 7.14457e-05 7.23226e-05 7.31811e-05 7.40201e-05 7.48389e-05 7.56364e-05 7.64118e-05 7.71643e-05 7.78931e-05 7.85973e-05 7.92761e-05 7.99289e-05 8.05548e-05 8.11531e-05 8.17231e-05 8.22643e-05 8.27759e-05 8.32574e-05 8.37082e-05 8.41278e-05 8.45157e-05 8.48714e-05 8.51945e-05 8.54847e-05 8.57415e-05 8.59647e-05 8.61541e-05 8.63093e-05 8.64302e-05 8.65167e-05 8.65686e-05 8.65859e-05 8.65686e-05 8.65167e-05 8.64302e-05 8.63093e-05 8.61541e-05 8.59647e-05 8.57415e-05 8.54847e-05 8.51945e-05 8.48714e-05 8.45157e-05 8.41278e-05 8.37082e-05 8.32574e-05 8.27759e-05 8.22643e-05 8.17231e-05 8.11531e-05 8.05548e-05 7.99289e-05 7.92761e-05 7.85973e-05 7.78931e-05 7.71643e-05 7.64118e-05 7.56364e-05 7.48389e-05 7.40201e-05 7.31811e-05 7.23226e-05 7.14457e-05 7.05511e-05 6.96399e-05 6.87129e-05 6.77712e-05 6.68156e-05 6.58472e-05 6.48669e-05 6.38756e-05 6.28743e-05 6.18639e-05 6.08455e-05 5.98198e-05 5.8788e-05 5.77508e-05 5.67092e-05 5.56642e-05 5.46166e-05 5.35672e-05 5.2517e-05 
5.3503e-05 5.45729e-05 5.56419e-05 5.67092e-05 5.77739e-05 5.8835e-05 5.98917e-05 6.09429e-05 6.19878e-05 6.30254e-05 6.40547e-05 6.50748e-05 6.60847e-05 6.70834e-05 6.807e-05 6.90435e-05 7.00029e-05 7.09473e-05 7.18756e-05 7.2787e-05 7.36804e-05 7.4555e-05 7.54098e-05 7.62439e-05 7.70564e-05 7.78464e-05 7.8613e-05 7.93555e-05 8.00729e-05 8.07645e-05 8.14295e-05 8.20671e-05 8.26766e-05 8.32574e-05 8.38087e-05 8.433e-05 8.48205e-05 8.52798e-05 8.57072e-05 8.61024e-05 8.64648e-05 8.6794e-05 8.70896e-05 8.73512e-05 8.75786e-05 8.77715e-05 8.79297e-05 8.80529e-05 8.81409e-05 8.81938e-05 8.82115e-05 8.81938e-05 8.81409e-05 8.80529e-05 8.79297e-05 8.77715e-05 8.75786e-05 8.73512e-05 8.70896e-05 8.6794e-05 8.64648e-05 8.61024e-05 8.57072e-05 8.52798e-05 8.48205e-05 8.433e-05 8.38087e-05 8.32574e-05 8.26766e-05 8.20671e-05 8.14295e-05 8.07645e-05 8.00729e-05 7.93555e-05 7.8613e-05 7.78464e-05 7.70564e-05 7.62439e-05 7.54098e-05 7.4555e-05 7.36804e-05 7.2787e-05 7.18756e-05 7.09473e-05 7.00029e-05 6.90435e-05 6.807e-05 6.70834e-05 6.60847e-05 6.50748e-05 6.40547e-05 6.30254e-05 6.19878e-05 6.09429e-05 5.98917e-05 5.8835e-05 5.77739e-05 5.67092e-05 5.56419e-05 5.45729e-05 5.3503e-05 
5.44856e-05 5.55752e-05 5.66639e-05 5.77508e-05 5.8835e-05 5.99156e-05 6.09917e-05 6.20622e-05 6.31263e-05 6.41829e-05 6.52312e-05 6.627e-05 6.72985e-05 6.83155e-05 6.93203e-05 7.03116e-05 7.12887e-05 7.22504e-05 7.31957e-05 7.41238e-05 7.50337e-05 7.59243e-05 7.67948e-05 7.76442e-05 7.84716e-05 7.92761e-05 8.00569e-05 8.08129e-05 8.15435e-05 8.22478e-05 8.29251e-05 8.35744e-05 8.41951e-05 8.47866e-05 8.5348e-05 8.58788e-05 8.63784e-05 8.68461e-05 8.72814e-05 8.76838e-05 8.80529e-05 8.83881e-05 8.86891e-05 8.89556e-05 8.91872e-05 8.93836e-05 8.95446e-05 8.96701e-05 8.97598e-05 8.98137e-05 8.98316e-05 8.98137e-05 8.97598e-05 8.96701e-05 8.95446e-05 8.93836e-05 8.91872e-05 8.89556e-05 8.86891e-05 8.83881e-05 8.80529e-05 8.76838e-05 8.72814e-05 8.68461e-05 8.63784e-05 8.58788e-05 8.5348e-05 8.47866e-05 8.41951e-05 8.35744e-05 8.29251e-05 8.22478e-05 8.15435e-05 8.08129e-05 8.00569e-05 7.92761e-05 7.84716e-05 7.76442e-05 7.67948e-05 7.59243e-05 7.50337e-05 7.41238e-05 7.31957e-05 7.22504e-05 7.12887e-05 7.03116e-05 6.93203e-05 6.83155e-05 6.72985e-05 6.627e-05 6.52312e-05 6.41829e-05 6.31263e-05 6.20622e-05 6.09917e-05 5.99156e-05 5.8835e-05 5.77508e-05 5.66639e-05 5.55752e-05 5.44856e-05 
5.54642e-05 5.65733e-05 5.76815e-05 5.8788e-05 5.98917e-05 6.09917e-05 6.2087e-05 6.31768e-05 6.426e-05 6.53356e-05 6.64027e-05 6.74602e-05 6.85071e-05 6.95424e-05 7.05652e-05 7.15744e-05 7.2569e-05 7.35479e-05 7.45103e-05 7.54551e-05 7.63812e-05 7.72879e-05 7.8174e-05 7.90387e-05 7.98809e-05 8.06999e-05 8.14946e-05 8.22643e-05 8.3008e-05 8.3725e-05 8.44143e-05 8.50753e-05 8.57072e-05 8.63093e-05 8.68808e-05 8.74211e-05 8.79297e-05 8.84058e-05 8.88489e-05 8.92586e-05 8.96342e-05 8.99755e-05 9.02819e-05 9.05532e-05 9.07889e-05 9.09889e-05 9.11528e-05 9.12805e-05 9.13718e-05 9.14267e-05 9.1445e-05 9.14267e-05 9.13718e-05 9.12805e-05 9.11528e-05 9.09889e-05 9.07889e-05 9.05532e-05 9.02819e-05 8.99755e-05 8.96342e-05 8.92586e-05 8.88489e-05 8.84058e-05 8.79297e-05 8.74211e-05 8.68808e-05 8.63093e-05 8.57072e-05 8.50753e-05 8.44143e-05 8.3725e-05 8.3008e-05 8.22643e-05 8.14946e-05 8.06999e-05 7.98809e-05 7.90387e-05 7.8174e-05 7.72879e-05 7.63812e-05 7.54551e-05 7.45103e-05 7.35479e-05 7.2569e-05 7.15744e-05 7.05652e-05 6.95424e-05 6.85071e-05 6.74602e-05 6.64027e-05 6.53356e-05 6.426e-05 6.31768e-05 6.2087e-05 6.09917e-05 5.98917e-05 5.8788e-05 5.76815e-05 5.65733e-05 5.54642e-05 
5.64377e-05 5.75663e-05 5.8694e-05 5.98198e-05 6.09429e-05 6.20622e-05 6.31768e-05 6.42857e-05 6.53879e-05 6.64824e-05 6.75682e-05 6.86442e-05 6.97095e-05 7.07631e-05 7.18038e-05 7.28307e-05 7.38427e-05 7.48389e-05 7.58181e-05 7.67795e-05 7.77219e-05 7.86445e-05 7.95461e-05 8.0426e-05 8.1283e-05 8.21164e-05 8.29251e-05 8.37082e-05 8.4465e-05 8.51945e-05 8.5896e-05 8.65686e-05 8.72116e-05 8.78242e-05 8.84058e-05 8.89556e-05 8.9473e-05 8.99575e-05 9.04084e-05 9.08252e-05 9.12075e-05 9.15548e-05 9.18666e-05 9.21426e-05 9.23825e-05 9.25859e-05 9.27527e-05 9.28827e-05 9.29756e-05 9.30314e-05 9.305e-05 9.30314e-05 9.29756e-05 9.28827e-05 9.27527e-05 9.25859e-05 9.23825e-05 9.21426e-05 9.18666e-05 9.15548e-05 9.12075e-05 9.08252e-05 9.04084e-05 8.99575e-05 8.9473e-05 8.89556e-05 8.84058e-05 8.78242e-05 8.72116e-05 8.65686e-05 8.5896e-05 8.51945e-05 8.4465e-05 8.37082e-05 8.29251e-05 8.21164e-05 8.1283e-05 8.0426e-05 7.95461e-05 7.86445e-05 7.77219e-05 7.67795e-05 7.58181e-05 7.48389e-05 7.38427e-05 7.28307e-05 7.18038e-05 7.07631e-05 6.97095e-05 6.86442e-05 6.75682e-05 6.64824e-05 6.53879e-05 6.42857e-05 6.31768e-05 6.20622e-05 6.09429e-05 5.98198e-05 5.8694e-05 5.75663e-05 5.64377e-05 
5.74053e-05 5.85533e-05 5.97003e-05 6.08455e-05 6.19878e-05 6.31263e-05 6.426e-05 6.53879e-05 6.6509e-05 6.76223e-05 6.87267e-05 6.98212e-05 7.09047e-05 7.19763e-05 7.30349e-05 7.40794e-05 7.51088e-05 7.6122e-05 7.7118e-05 7.80959e-05 7.90545e-05 7.99928e-05 8.091e-05 8.18049e-05 8.26766e-05 8.35243e-05 8.43468e-05 8.51434e-05 8.59132e-05 8.66552e-05 8.73687e-05 8.80529e-05 8.87069e-05 8.933e-05 8.99215e-05 9.04808e-05 9.10071e-05 9.14998e-05 9.19585e-05 9.23825e-05 9.27713e-05 9.31245e-05 9.34417e-05 9.37224e-05 9.39664e-05 9.41733e-05 9.4343e-05 9.44752e-05 9.45697e-05 9.46265e-05 9.46454e-05 9.46265e-05 9.45697e-05 9.44752e-05 9.4343e-05 9.41733e-05 9.39664e-05 9.37224e-05 9.34417e-05 9.31245e-05 9.27713e-05 9.23825e-05 9.19585e-05 9.14998e-05 9.10071e-05 9.04808e-05 8.99215e-05 8.933e-05 8.87069e-05 8.80529e-05 8.73687e-05 8.66552e-05 8.59132e-05 8.51434e-05 8.43468e-05 8.35243e-05 8.26766e-05 8.18049e-05 8.091e-05 7.99928e-05 7.90545e-05 7.80959e-05 7.7118e-05 7.6122e-05 7.51088e-05 7.40794e-05 7.30349e-05 7.19763e-05 7.09047e-05 6.98212e-05 6.87267e-05 6.76223e-05 6.6509e-05 6.53879e-05 6.426e-05 6.31263e-05 6.19878e-05 6.08455e-05 5.97003e-05 5.85533e-05 5.74053e-05 
5.83662e-05 5.95334e-05 6.06996e-05 6.18639e-05 6.30254e-05 6.41829e-05 6.53356e-05 6.64824e-05 6.76223e-05 6.87542e-05 6.9877e-05 7.09899e-05 7.20916e-05 7.31811e-05 7.42574e-05 7.53194e-05 7.6366e-05 7.73962e-05 7.84089e-05 7.94031e-05 8.03777e-05 8.13318e-05 8.22643e-05 8.31742e-05 8.40605e-05 8.49223e-05 8.57587e-05 8.65686e-05 8.73512e-05 8.81057e-05 8.88311e-05 8.95267e-05 9.01917e-05 9.08252e-05 9.14267e-05 9.19953e-05 9.25304e-05 9.30314e-05 9.34977e-05 9.39288e-05 9.43241e-05 9.46833e-05 9.50057e-05 9.52912e-05 9.55393e-05 9.57497e-05 9.59222e-05 9.60566e-05 9.61527e-05 9.62104e-05 9.62296e-05 9.62104e-05 9.61527e-05 9.60566e-05 9.59222e-05 9.57497e-05 9.55393e-05 9.52912e-05 9.50057e-05 9.46833e-05 9.43241e-05 9.39288e-05 9.34977e-05 9.30314e-05 9.25304e-05 9.19953e-05 9.14267e-05 9.08252e-05 9.01917e-05 8.95267e-05 8.88311e-05 8.81057e-05 8.73512e-05 8.65686e-05 8.57587e-05 8.49223e-05 8.40605e-05 8.31742e-05 8.22643e-05 8.13318e-05 8.03777e-05 7.94031e-05 7.84089e-05 7.73962e-05 7.6366e-05 7.53194e-05 7.42574e-05 7.31811e-05 7.20916e-05 7.09899e-05 6.9877e-05 6.87542e-05 6.76223e-05 6.64824e-05 6.53356e-05 6.41829e-05 6.30254e-05 6.18639e-05 6.06996e-05 5.95334e-05 5.83662e-05 
5.93194e-05 6.05057e-05 6.16909e-05 6.28743e-05 6.40547e-05 6.52312e-05 6.64027e-05 6.75682e-05 6.87267e-05 6.9877e-05 7.10183e-05 7.21493e-05 7.3269e-05 7.43763e-05 7.54702e-05 7.65495e-05 7.76132e-05 7.86602e-05 7.96895e-05 8.06999e-05 8.16905e-05 8.26601e-05 8.36078e-05 8.45326e-05 8.54334e-05 8.63093e-05 8.71593e-05 8.79824e-05 8.87779e-05 8.95446e-05 9.02819e-05 9.09889e-05 9.16647e-05 9.23086e-05 9.29198e-05 9.34977e-05 9.40416e-05 9.45508e-05 9.50247e-05 9.54629e-05 9.58646e-05 9.62296e-05 9.65574e-05 9.68475e-05 9.70996e-05 9.73135e-05 9.74888e-05 9.76254e-05 9.7723e-05 9.77817e-05 9.78012e-05 9.77817e-05 9.7723e-05 9.76254e-05 9.74888e-05 9.73135e-05 9.70996e-05 9.68475e-05 9.65574e-05 9.62296e-05 9.58646e-05 9.54629e-05 9.50247e-05 9.45508e-05 9.40416e-05 9.34977e-05 9.29198e-05 9.23086e-05 9.16647e-05 9.09889e-05 9.02819e-05 8.95446e-05 8.87779e-05 8.79824e-05 8.71593e-05 8.63093e-05 8.54334e-05 8.45326e-05 8.36078e-05 8.26601e-05 8.16905e-05 8.06999e-05 7.96895e-05 7.86602e-05 7.76132e-05 7.65495e-05 7.54702e-05 7.43763e-05 7.3269e-05 7.21493e-05 7.10183e-05 6.9877e-05 6.87267e-05 6.75682e-05 6.64027e-05 6.52312e-05 6.40547e-05 6.28743e-05 6.16909e-05 6.05057e-05 5.93194e-05 
6.02641e-05 6.14693e-05 6.26734e-05 6.38756e-05 6.50748e-05 6.627e-05 6.74602e-05 6.86442e-05 6.98212e-05 7.09899e-05 7.21493e-05 7.32983e-05 7.44358e-05 7.55608e-05 7.6672e-05 7.77686e-05 7.88492e-05 7.99129e-05 8.09585e-05 8.19851e-05 8.29914e-05 8.39765e-05 8.49393e-05 8.58788e-05 8.6794e-05 8.76838e-05 8.85473e-05 8.93836e-05 9.01917e-05 9.09707e-05 9.17197e-05 9.24379e-05 9.31245e-05 9.37786e-05 9.43996e-05 9.49867e-05 9.55393e-05 9.60566e-05 9.6538e-05 9.69831e-05 9.73913e-05 9.77621e-05 9.80951e-05 9.83898e-05 9.8646e-05 9.88632e-05 9.90413e-05 9.91801e-05 9.92793e-05 9.93389e-05 9.93588e-05 9.93389e-05 9.92793e-05 9.91801e-05 9.90413e-05 9.88632e-05 9.8646e-05 9.83898e-05 9.80951e-05 9.77621e-05 9.73913e-05 9.69831e-05 9.6538e-05 9.60566e-05 9.55393e-05 9.49867e-05 9.43996e-05 9.37786e-05 9.31245e-05 9.24379e-05 9.17197e-05 9.09707e-05 9.01917e-05 8.93836e-05 8.85473e-05 8.76838e-05 8.6794e-05 8.58788e-05 8.49393e-05 8.39765e-05 8.29914e-05 8.19851e-05 8.09585e-05 7.99129e-05 7.88492e-05 7.77686e-05 7.6672e-05 7.55608e-05 7.44358e-05 7.32983e-05 7.21493e-05 7.09899e-05 6.98212e-05 6.86442e-05 6.74602e-05 6.627e-05 6.50748e-05 6.38756e-05 6.26734e-05 6.14693e-05 6.02641e-05 
6.11994e-05 6.24232e-05 6.3646e-05 6.48669e-05 6.60847e-05 6.72985e-05 6.85071e-05 6.97095e-05 7.09047e-05 7.20916e-05 7.3269e-05 7.44358e-05 7.5591e-05 7.67334e-05 7.78619e-05 7.89755e-05 8.00729e-05 8.11531e-05 8.2215e-05 8.32574e-05 8.42794e-05 8.52798e-05 8.62575e-05 8.72116e-05 8.81409e-05 8.90446e-05 8.99215e-05 9.07708e-05 9.15914e-05 9.23825e-05 9.31431e-05 9.38725e-05 9.45697e-05 9.5234e-05 9.58646e-05 9.64608e-05 9.70219e-05 9.75473e-05 9.80362e-05 9.84882e-05 9.89028e-05 9.92793e-05 9.96174e-05 9.99167e-05 0.000100177 0.000100397 0.000100578 0.000100719 0.00010082 0.000100881 0.000100901 0.000100881 0.00010082 0.000100719 0.000100578 0.000100397 0.000100177 9.99167e-05 9.96174e-05 9.92793e-05 9.89028e-05 9.84882e-05 9.80362e-05 9.75473e-05 9.70219e-05 9.64608e-05 9.58646e-05 9.5234e-05 9.45697e-05 9.38725e-05 9.31431e-05 9.23825e-05 9.15914e-05 9.07708e-05 8.99215e-05 8.90446e-05 8.81409e-05 8.72116e-05 8.62575e-05 8.52798e-05 8.42794e-05 8.32574e-05 8.2215e-05 8.11531e-05 8.00729e-05 7.89755e-05 7.78619e-05 7.67334e-05 7.5591e-05 7.44358e-05 7.3269e-05 7.20916e-05 7.09047e-05 6.97095e-05 6.85071e-05 6.72985e-05 6.60847e-05 6.48669e-05 6.3646e-05 6.24232e-05 6.11994e-05 
6.21243e-05 6.33666e-05 6.46079e-05 6.58472e-05 6.70834e-05 6.83155e-05 6.95424e-05 7.07631e-05 7.19763e-05 7.31811e-05 7.43763e-05 7.55608e-05 7.67334e-05 7.78931e-05 7.90387e-05 8.0169e-05 8.1283e-05 8.23795e-05 8.34575e-05 8.45157e-05 8.55531e-05 8.65686e-05 8.75611e-05 8.85296e-05 8.9473e-05 9.03903e-05 9.12805e-05 9.21426e-05 9.29756e-05 9.37786e-05 9.45508e-05 9.52912e-05 9.59989e-05 9.66733e-05 9.73135e-05 9.79187e-05 9.84882e-05 9.90215e-05 9.95179e-05 9.99767e-05 0.000100397 0.00010078 0.000101123 0.000101427 0.000101691 0.000101915 0.000102098 0.000102241 0.000102344 0.000102405 0.000102426 0.000102405 0.000102344 0.000102241 0.000102098 0.000101915 0.000101691 0.000101427 0.000101123 0.00010078 0.000100397 9.99767e-05 9.95179e-05 9.90215e-05 9.84882e-05 9.79187e-05 9.73135e-05 9.66733e-05 9.59989e-05 9.52912e-05 9.45508e-05 9.37786e-05 9.29756e-05 9.21426e-05 9.12805e-05 9.03903e-05 8.9473e-05 8.85296e-05 8.75611e-05 8.65686e-05 8.55531e-05 8.45157e-05 8.34575e-05 8.23795e-05 8.1283e-05 8.0169e-05 7.90387e-05 7.78931e-05 7.67334e-05 7.55608e-05 7.43763e-05 7.31811e-05 7.19763e-05 7.07631e-05 6.95424e-05 6.83155e-05 6.70834e-05 6.58472e-05 6.46079e-05 6.33666e-05 6.21243e-05 
6.3038e-05 6.42986e-05 6.55581e-05 6.68156e-05 6.807e-05 6.93203e-05 7.05652e-05 7.18038e-05 7.30349e-05 7.42574e-05 7.54702e-05 7.6672e-05 7.78619e-05 7.90387e-05 8.02011e-05 8.13481e-05 8.24785e-05 8.35911e-05 8.46849e-05 8.57587e-05 8.68113e-05 8.78418e-05 8.88489e-05 8.98316e-05 9.07889e-05 9.17197e-05 9.2623e-05 9.34977e-05 9.4343e-05 9.51579e-05 9.59414e-05 9.66926e-05 9.74108e-05 9.80951e-05 9.87446e-05 9.93588e-05 9.99367e-05 0.000100478 0.000100981 0.000101447 0.000101874 0.000102262 0.00010261 0.000102918 0.000103186 0.000103414 0.0001036 0.000103745 0.000103849 0.000103911 0.000103932 0.000103911 0.000103849 0.000103745 0.0001036 0.000103414 0.000103186 0.000102918 0.00010261 0.000102262 0.000101874 0.000101447 0.000100981 0.000100478 9.99367e-05 9.93588e-05 9.87446e-05 9.80951e-05 9.74108e-05 9.66926e-05 9.59414e-05 9.51579e-05 9.4343e-05 9.34977e-05 9.2623e-05 9.17197e-05 9.07889e-05 8.98316e-05 8.88489e-05 8.78418e-05 8.68113e-05 8.57587e-05 8.46849e-05 8.35911e-05 8.24785e-05 8.13481e-05 8.02011e-05 7.90387e-05 7.78619e-05 7.6672e-05 7.54702e-05 7.42574e-05 7.30349e-05 7.18038e-05 7.05652e-05 6.93203e-05 6.807e-05 6.68156e-05 6.55581e-05 6.42986e-05 6.3038e-05 
6.39395e-05 6.52181e-05 6.64957e-05 6.77712e-05 6.90435e-05 7.03116e-05 7.15744e-05 7.28307e-05 7.40794e-05 7.53194e-05 7.65495e-05 7.77686e-05 7.89755e-05 8.0169e-05 8.13481e-05 8.25115e-05 8.3658e-05 8.47866e-05 8.5896e-05 8.69851e-05 8.80529e-05 8.9098e-05 9.01196e-05 9.11163e-05 9.20873e-05 9.30314e-05 9.39476e-05 9.48349e-05 9.56922e-05 9.65187e-05 9.73135e-05 9.80755e-05 9.88039e-05 9.9498e-05 0.000100157 0.00010078 0.000101366 0.000101915 0.000102426 0.000102898 0.000103331 0.000103724 0.000104078 0.00010439 0.000104662 0.000104893 0.000105082 0.000105229 0.000105334 0.000105397 0.000105418 0.000105397 0.000105334 0.000105229 0.000105082 0.000104893 0.000104662 0.00010439 0.000104078 0.000103724 0.000103331 0.000102898 0.000102426 0.000101915 0.000101366 0.00010078 0.000100157 9.9498e-05 9.88039e-05 9.80755e-05 9.73135e-05 9.65187e-05 9.56922e-05 9.48349e-05 9.39476e-05 9.30314e-05 9.20873e-05 9.11163e-05 9.01196e-05 8.9098e-05 8.80529e-05 8.69851e-05 8.5896e-05 8.47866e-05 8.3658e-05 8.25115e-05 8.13481e-05 8.0169e-05 7.89755e-05 7.77686e-05 7.65495e-05 7.53194e-05 7.40794e-05 7.28307e-05 7.15744e-05 7.03116e-05 6.90435e-05 6.77712e-05 6.64957e-05 6.52181e-05 6.39395e-05 
6.4828e-05 6.61244e-05 6.74197e-05 6.87129e-05 7.00029e-05 7.12887e-05 7.2569e-05 7.38427e-05 7.51088e-05 7.6366e-05 7.76132e-05 7.88492e-05 8.00729e-05 8.1283e-05 8.24785e-05 8.3658e-05 8.48205e-05 8.59647e-05 8.70896e-05 8.81938e-05 8.92764e-05 9.03361e-05 9.13718e-05 9.23825e-05 9.33669e-05 9.43241e-05 9.52531e-05 9.61527e-05 9.70219e-05 9.78599e-05 9.86657e-05 9.94383e-05 0.000100177 0.000100881 0.000101549 0.00010218 0.000102774 0.000103331 0.000103849 0.000104328 0.000104767 0.000105166 0.000105524 0.000105841 0.000106116 0.00010635 0.000106542 0.000106691 0.000106798 0.000106862 0.000106883 0.000106862 0.000106798 0.000106691 0.000106542 0.00010635 0.000106116 0.000105841 0.000105524 0.000105166 0.000104767 0.000104328 0.000103849 0.000103331 0.000102774 0.00010218 0.000101549 0.000100881 0.000100177 9.94383e-05 9.86657e-05 9.78599e-05 9.70219e-05 9.61527e-05 9.52531e-05 9.43241e-05 9.33669e-05 9.23825e-05 9.13718e-05 9.03361e-05 8.92764e-05 8.81938e-05 8.70896e-05 8.59647e-05 8.48205e-05 8.3658e-05 8.24785e-05 8.1283e-05 8.00729e-05 7.88492e-05 7.76132e-05 7.6366e-05 7.51088e-05 7.38427e-05 7.2569e-05 7.12887e-05 7.00029e-05 6.87129e-05 6.74197e-05 6.61244e-05 6.4828e-05 
6.57025e-05 6.70164e-05 6.83292e-05 6.96399e-05 7.09473e-05 7.22504e-05 7.35479e-05 7.48389e-05 7.6122e-05 7.73962e-05 7.86602e-05 7.99129e-05 8.11531e-05 8.23795e-05 8.35911e-05 8.47866e-05 8.59647e-05 8.71244e-05 8.82644e-05 8.93836e-05 9.04808e-05 9.15548e-05 9.26045e-05 9.36287e-05 9.46265e-05 9.55966e-05 9.6538e-05 9.74498e-05 9.83308e-05 9.91801e-05 9.99967e-05 0.00010078 0.000101528 0.000102241 0.000102918 0.000103559 0.000104161 0.000104725 0.00010525 0.000105735 0.00010618 0.000106584 0.000106947 0.000107269 0.000107548 0.000107785 0.000107979 0.00010813 0.000108239 0.000108303 0.000108325 0.000108303 0.000108239 0.00010813 0.000107979 0.000107785 0.000107548 0.000107269 0.000106947 0.000106584 0.00010618 0.000105735 0.00010525 0.000104725 0.000104161 0.000103559 0.000102918 0.000102241 0.000101528 0.00010078 9.99967e-05 9.91801e-05 9.83308e-05 9.74498e-05 9.6538e-05 9.55966e-05 9.46265e-05 9.36287e-05 9.26045e-05 9.15548e-05 9.04808e-05 8.93836e-05 8.82644e-05 8.71244e-05 8.59647e-05 8.47866e-05 8.35911e-05 8.23795e-05 8.11531e-05 7.99129e-05 7.86602e-05 7.73962e-05 7.6122e-05 7.48389e-05 7.35479e-05 7.22504e-05 7.09473e-05 6.96399e-05 6.83292e-05 6.70164e-05 6.57025e-05 
6.65622e-05 6.78933e-05 6.92233e-05 7.05511e-05 7.18756e-05 7.31957e-05 7.45103e-05 7.58181e-05 7.7118e-05 7.84089e-05 7.96895e-05 8.09585e-05 8.2215e-05 8.34575e-05 8.46849e-05 8.5896e-05 8.70896e-05 8.82644e-05 8.94194e-05 9.05532e-05 9.16647e-05 9.27527e-05 9.38162e-05 9.48538e-05 9.58646e-05 9.68475e-05 9.78012e-05 9.87249e-05 9.96174e-05 0.000100478 0.000101305 0.000102098 0.000102857 0.000103579 0.000104265 0.000104914 0.000105524 0.000106095 0.000106627 0.000107119 0.00010757 0.000107979 0.000108347 0.000108672 0.000108955 0.000109195 0.000109392 0.000109545 0.000109655 0.000109721 0.000109743 0.000109721 0.000109655 0.000109545 0.000109392 0.000109195 0.000108955 0.000108672 0.000108347 0.000107979 0.00010757 0.000107119 0.000106627 0.000106095 0.000105524 0.000104914 0.000104265 0.000103579 0.000102857 0.000102098 0.000101305 0.000100478 9.96174e-05 9.87249e-05 9.78012e-05 9.68475e-05 9.58646e-05 9.48538e-05 9.38162e-05 9.27527e-05 9.16647e-05 9.05532e-05 8.94194e-05 8.82644e-05 8.70896e-05 8.5896e-05 8.46849e-05 8.34575e-05 8.2215e-05 8.09585e-05 7.96895e-05 7.84089e-05 7.7118e-05 7.58181e-05 7.45103e-05 7.31957e-05 7.18756e-05 7.05511e-05 6.92233e-05 6.78933e-05 6.65622e-05 
6.74062e-05 6.87542e-05 7.0101e-05 7.14457e-05 7.2787e-05 7.41238e-05 7.54551e-05 7.67795e-05 7.80959e-05 7.94031e-05 8.06999e-05 8.19851e-05 8.32574e-05 8.45157e-05 8.57587e-05 8.69851e-05 8.81938e-05 8.93836e-05 9.05532e-05 9.17014e-05 9.2827e-05 9.39288e-05 9.50057e-05 9.60566e-05 9.70802e-05 9.80755e-05 9.90413e-05 9.99767e-05 0.000100881 0.000101752 0.00010259 0.000103393 0.000104161 0.000104893 0.000105587 0.000106244 0.000106862 0.000107441 0.000107979 0.000108477 0.000108933 0.000109348 0.000109721 0.00011005 0.000110337 0.00011058 0.000110779 0.000110934 0.000111045 0.000111112 0.000111134 0.000111112 0.000111045 0.000110934 0.000110779 0.00011058 0.000110337 0.00011005 0.000109721 0.000109348 0.000108933 0.000108477 0.000107979 0.000107441 0.000106862 0.000106244 0.000105587 0.000104893 0.000104161 0.000103393 0.00010259 0.000101752 0.000100881 9.99767e-05 9.90413e-05 9.80755e-05 9.70802e-05 9.60566e-05 9.50057e-05 9.39288e-05 9.2827e-05 9.17014e-05 9.05532e-05 8.93836e-05 8.81938e-05 8.69851e-05 8.57587e-05 8.45157e-05 8.32574e-05 8.19851e-05 8.06999e-05 7.94031e-05 7.80959e-05 7.67795e-05 7.54551e-05 7.41238e-05 7.2787e-05 7.14457e-05 7.0101e-05 6.87542e-05 6.74062e-05 
6.82336e-05 6.95981e-05 7.09615e-05 7.23226e-05 7.36804e-05 7.50337e-05 7.63812e-05 7.77219e-05 7.90545e-05 8.03777e-05 8.16905e-05 8.29914e-05 8.42794e-05 8.55531e-05 8.68113e-05 8.80529e-05 8.92764e-05 9.04808e-05 9.16647e-05 9.2827e-05 9.39664e-05 9.50818e-05 9.61719e-05 9.72356e-05 9.82718e-05 9.92793e-05 0.000100257 0.000101204 0.000102119 0.000103001 0.000103849 0.000104662 0.000105439 0.00010618 0.000106883 0.000107548 0.000108174 0.000108759 0.000109304 0.000109808 0.000110271 0.00011069 0.000111067 0.000111401 0.000111691 0.000111937 0.000112139 0.000112296 0.000112408 0.000112476 0.000112498 0.000112476 0.000112408 0.000112296 0.000112139 0.000111937 0.000111691 0.000111401 0.000111067 0.00011069 0.000110271 0.000109808 0.000109304 0.000108759 0.000108174 0.000107548 0.000106883 0.00010618 0.000105439 0.000104662 0.000103849 0.000103001 0.000102119 0.000101204 0.000100257 9.92793e-05 9.82718e-05 9.72356e-05 9.61719e-05 9.50818e-05 9.39664e-05 9.2827e-05 9.16647e-05 9.04808e-05 8.92764e-05 8.80529e-05 8.68113e-05 8.55531e-05 8.42794e-05 8.29914e-05 8.16905e-05 8.03777e-05 7.90545e-05 7.77219e-05 7.63812e-05 7.50337e-05 7.36804e-05 7.23226e-05 7.09615e-05 6.95981e-05 6.82336e-05 
6.90435e-05 7.04242e-05 7.18038e-05 7.31811e-05 7.4555e-05 7.59243e-05 7.72879e-05 7.86445e-05 7.99928e-05 8.13318e-05 8.26601e-05 8.39765e-05 8.52798e-05 8.65686e-05 8.78418e-05 8.9098e-05 9.03361e-05 9.15548e-05 9.27527e-05 9.39288e-05 9.50818e-05 9.62104e-05 9.73135e-05 9.83898e-05 9.94383e-05 0.000100458 0.000101447 0.000102405 0.000103331 0.000104223 0.000105082 0.000105904 0.000106691 0.000107441 0.000108152 0.000108825 0.000109458 0.00011005 0.000110602 0.000111112 0.000111579 0.000112004 0.000112386 0.000112723 0.000113017 0.000113266 0.00011347 0.000113629 0.000113743 0.000113811 0.000113834 0.000113811 0.000113743 0.000113629 0.00011347 0.000113266 0.000113017 0.000112723 0.000112386 0.000112004 0.000111579 0.000111112 0.000110602 0.00011005 0.000109458 0.000108825 0.000108152 0.000107441 0.000106691 0.000105904 0.000105082 0.000104223 0.000103331 0.000102405 0.000101447 0.000100458 9.94383e-05 9.83898e-05 9.73135e-05 9.62104e-05 9.50818e-05 9.39288e-05 9.27527e-05 9.15548e-05 9.03361e-05 8.9098e-05 8.78418e-05 8.65686e-05 8.52798e-05 8.39765e-05 8.26601e-05 8.13318e-05 7.99928e-05 7.86445e-05 7.72879e-05 7.59243e-05 7.4555e-05 7.31811e-05 7.18038e-05 7.04242e-05 6.90435e-05 
6.98351e-05 7.12316e-05 7.2627e-05 7.40201e-05 7.54098e-05 7.67948e-05 7.8174e-05 7.95461e-05 8.091e-05 8.22643e-05 8.36078e-05 8.49393e-05 8.62575e-05 8.75611e-05 8.88489e-05 9.01196e-05 9.13718e-05 9.26045e-05 9.38162e-05 9.50057e-05 9.61719e-05 9.73135e-05 9.84292e-05 9.95179e-05 0.000100578 0.00010161 0.00010261 0.000103579 0.000104516 0.000105418 0.000106286 0.000107119 0.000107914 0.000108672 0.000109392 0.000110072 0.000110713 0.000111312 0.00011187 0.000112386 0.000112859 0.000113288 0.000113674 0.000114016 0.000114313 0.000114564 0.000114771 0.000114932 0.000115047 0.000115116 0.000115139 0.000115116 0.000115047 0.000114932 0.000114771 0.000114564 0.000114313 0.000114016 0.000113674 0.000113288 0.000112859 0.000112386 0.00011187 0.000111312 0.000110713 0.000110072 0.000109392 0.000108672 0.000107914 0.000107119 0.000106286 0.000105418 0.000104516 0.000103579 0.00010261 0.00010161 0.000100578 9.95179e-05 9.84292e-05 9.73135e-05 9.61719e-05 9.50057e-05 9.38162e-05 9.26045e-05 9.13718e-05 9.01196e-05 8.88489e-05 8.75611e-05 8.62575e-05 8.49393e-05 8.36078e-05 8.22643e-05 8.091e-05 7.95461e-05 7.8174e-05 7.67948e-05 7.54098e-05 7.40201e-05 7.2627e-05 7.12316e-05 6.98351e-05 
7.06076e-05 7.20195e-05 7.34303e-05 7.48389e-05 7.62439e-05 7.76442e-05 7.90387e-05 8.0426e-05 8.18049e-05 8.31742e-05 8.45326e-05 8.58788e-05 8.72116e-05 8.85296e-05 8.98316e-05 9.11163e-05 9.23825e-05 9.36287e-05 9.48538e-05 9.60566e-05 9.72356e-05 9.83898e-05 9.95179e-05 0.000100619 0.000101691 0.000102733 0.000103745 0.000104725 0.000105672 0.000106584 0.000107462 0.000108303 0.000109108 0.000109874 0.000110602 0.00011129 0.000111937 0.000112543 0.000113107 0.000113629 0.000114107 0.000114542 0.000114932 0.000115277 0.000115577 0.000115832 0.00011604 0.000116203 0.000116319 0.000116389 0.000116412 0.000116389 0.000116319 0.000116203 0.00011604 0.000115832 0.000115577 0.000115277 0.000114932 0.000114542 0.000114107 0.000113629 0.000113107 0.000112543 0.000111937 0.00011129 0.000110602 0.000109874 0.000109108 0.000108303 0.000107462 0.000106584 0.000105672 0.000104725 0.000103745 0.000102733 0.000101691 0.000100619 9.95179e-05 9.83898e-05 9.72356e-05 9.60566e-05 9.48538e-05 9.36287e-05 9.23825e-05 9.11163e-05 8.98316e-05 8.85296e-05 8.72116e-05 8.58788e-05 8.45326e-05 8.31742e-05 8.18049e-05 8.0426e-05 7.90387e-05 7.76442e-05 7.62439e-05 7.48389e-05 7.34303e-05 7.20195e-05 7.06076e-05 
7.136e-05 7.2787e-05 7.42128e-05 7.56364e-05 7.70564e-05 7.84716e-05 7.98809e-05 8.1283e-05 8.26766e-05 8.40605e-05 8.54334e-05 8.6794e-05 8.81409e-05 8.9473e-05 9.07889e-05 9.20873e-05 9.33669e-05 9.46265e-05 9.58646e-05 9.70802e-05 9.82718e-05 9.94383e-05 0.000100578 0.000101691 0.000102774 0.000103828 0.000104851 0.000105841 0.000106798 0.00010772 0.000108607 0.000109458 0.000110271 0.000111045 0.000111781 0.000112476 0.00011313 0.000113743 0.000114313 0.00011484 0.000115323 0.000115762 0.000116156 0.000116505 0.000116809 0.000117066 0.000117277 0.000117441 0.000117559 0.000117629 0.000117653 0.000117629 0.000117559 0.000117441 0.000117277 0.000117066 0.000116809 0.000116505 0.000116156 0.000115762 0.000115323 0.00011484 0.000114313 0.000113743 0.00011313 0.000112476 0.000111781 0.000111045 0.000110271 0.000109458 0.000108607 0.00010772 0.000106798 0.000105841 0.000104851 0.000103828 0.000102774 0.000101691 0.000100578 9.94383e-05 9.82718e-05 9.70802e-05 9.58646e-05 9.46265e-05 9.33669e-05 9.20873e-05 9.07889e-05 8.9473e-05 8.81409e-05 8.6794e-05 8.54334e-05 8.40605e-05 8.26766e-05 8.1283e-05 7.98809e-05 7.84716e-05 7.70564e-05 7.56364e-05 7.42128e-05 7.2787e-05 7.136e-05 
7.20916e-05 7.35332e-05 7.49737e-05 7.64118e-05 7.78464e-05 7.92761e-05 8.06999e-05 8.21164e-05 8.35243e-05 8.49223e-05 8.63093e-05 8.76838e-05 8.90446e-05 9.03903e-05 9.17197e-05 9.30314e-05 9.43241e-05 9.55966e-05 9.68475e-05 9.80755e-05 9.92793e-05 0.000100458 0.00010161 0.000102733 0.000103828 0.000104893 0.000105926 0.000106926 0.000107893 0.000108825 0.000109721 0.00011058 0.000111401 0.000112184 0.000112927 0.000113629 0.00011429 0.000114909 0.000115485 0.000116017 0.000116505 0.000116949 0.000117347 0.0001177 0.000118006 0.000118266 0.000118479 0.000118645 0.000118764 0.000118835 0.000118859 0.000118835 0.000118764 0.000118645 0.000118479 0.000118266 0.000118006 0.0001177 0.000117347 0.000116949 0.000116505 0.000116017 0.000115485 0.000114909 0.00011429 0.000113629 0.000112927 0.000112184 0.000111401 0.00011058 0.000109721 0.000108825 0.000107893 0.000106926 0.000105926 0.000104893 0.000103828 0.000102733 0.00010161 0.000100458 9.92793e-05 9.80755e-05 9.68475e-05 9.55966e-05 9.43241e-05 9.30314e-05 9.17197e-05 9.03903e-05 8.90446e-05 8.76838e-05 8.63093e-05 8.49223e-05 8.35243e-05 8.21164e-05 8.06999e-05 7.92761e-05 7.78464e-05 7.64118e-05 7.49737e-05 7.35332e-05 7.20916e-05 
7.28015e-05 7.42574e-05 7.5712e-05 7.71643e-05 7.8613e-05 8.00569e-05 8.14946e-05 8.29251e-05 8.43468e-05 8.57587e-05 8.71593e-05 8.85473e-05 8.99215e-05 9.12805e-05 9.2623e-05 9.39476e-05 9.52531e-05 9.6538e-05 9.78012e-05 9.90413e-05 0.000100257 0.000101447 0.00010261 0.000103745 0.000104851 0.000105926 0.000106969 0.000107979 0.000108955 0.000109896 0.000110801 0.000111669 0.000112498 0.000113288 0.000114039 0.000114748 0.000115415 0.00011604 0.000116622 0.00011716 0.000117653 0.000118101 0.000118503 0.000118859 0.000119168 0.000119431 0.000119646 0.000119814 0.000119933 0.000120005 0.000120029 0.000120005 0.000119933 0.000119814 0.000119646 0.000119431 0.000119168 0.000118859 0.000118503 0.000118101 0.000117653 0.00011716 0.000116622 0.00011604 0.000115415 0.000114748 0.000114039 0.000113288 0.000112498 0.000111669 0.000110801 0.000109896 0.000108955 0.000107979 0.000106969 0.000105926 0.000104851 0.000103745 0.00010261 0.000101447 0.000100257 9.90413e-05 9.78012e-05 9.6538e-05 9.52531e-05 9.39476e-05 9.2623e-05 9.12805e-05 8.99215e-05 8.85473e-05 8.71593e-05 8.57587e-05 8.43468e-05 8.29251e-05 8.14946e-05 8.00569e-05 7.8613e-05 7.71643e-05 7.5712e-05 7.42574e-05 7.28015e-05 
7.34891e-05 7.49587e-05 7.64271e-05 7.78931e-05 7.93555e-05 8.08129e-05 8.22643e-05 8.37082e-05 8.51434e-05 8.65686e-05 8.79824e-05 8.93836e-05 9.07708e-05 9.21426e-05 9.34977e-05 9.48349e-05 9.61527e-05 9.74498e-05 9.87249e-05 9.99767e-05 0.000101204 0.000102405 0.000103579 0.000104725 0.000105841 0.000106926 0.000107979 0.000108999 0.000109984 0.000110934 0.000111848 0.000112723 0.000113561 0.000114358 0.000115116 0.000115832 0.000116505 0.000117136 0.000117723 0.000118266 0.000118764 0.000119216 0.000119622 0.000119981 0.000120294 0.000120559 0.000120776 0.000120945 0.000121066 0.000121139 0.000121163 0.000121139 0.000121066 0.000120945 0.000120776 0.000120559 0.000120294 0.000119981 0.000119622 0.000119216 0.000118764 0.000118266 0.000117723 0.000117136 0.000116505 0.000115832 0.000115116 0.000114358 0.000113561 0.000112723 0.000111848 0.000110934 0.000109984 0.000108999 0.000107979 0.000106926 0.000105841 0.000104725 0.000103579 0.000102405 0.000101204 9.99767e-05 9.87249e-05 9.74498e-05 9.61527e-05 9.48349e-05 9.34977e-05 9.21426e-05 9.07708e-05 8.93836e-05 8.79824e-05 8.65686e-05 8.51434e-05 8.37082e-05 8.22643e-05 8.08129e-05 7.93555e-05 7.78931e-05 7.64271e-05 7.49587e-05 7.34891e-05 
7.41535e-05 7.56364e-05 7.7118e-05 7.85973e-05 8.00729e-05 8.15435e-05 8.3008e-05 8.4465e-05 8.59132e-05 8.73512e-05 8.87779e-05 9.01917e-05 9.15914e-05 9.29756e-05 9.4343e-05 9.56922e-05 9.70219e-05 9.83308e-05 9.96174e-05 0.000100881 0.000102119 0.000103331 0.000104516 0.000105672 0.000106798 0.000107893 0.000108955 0.000109984 0.000110979 0.000111937 0.000112859 0.000113743 0.000114587 0.000115392 0.000116156 0.000116879 0.000117559 0.000118195 0.000118788 0.000119335 0.000119838 0.000120294 0.000120704 0.000121066 0.000121381 0.000121649 0.000121868 0.000122039 0.000122161 0.000122234 0.000122258 0.000122234 0.000122161 0.000122039 0.000121868 0.000121649 0.000121381 0.000121066 0.000120704 0.000120294 0.000119838 0.000119335 0.000118788 0.000118195 0.000117559 0.000116879 0.000116156 0.000115392 0.000114587 0.000113743 0.000112859 0.000111937 0.000110979 0.000109984 0.000108955 0.000107893 0.000106798 0.000105672 0.000104516 0.000103331 0.000102119 0.000100881 9.96174e-05 9.83308e-05 9.70219e-05 9.56922e-05 9.4343e-05 9.29756e-05 9.15914e-05 9.01917e-05 8.87779e-05 8.73512e-05 8.59132e-05 8.4465e-05 8.3008e-05 8.15435e-05 8.00729e-05 7.85973e-05 7.7118e-05 7.56364e-05 7.41535e-05 
7.4794e-05 7.62896e-05 7.77841e-05 7.92761e-05 8.07645e-05 8.22478e-05 8.3725e-05 8.51945e-05 8.66552e-05 8.81057e-05 8.95446e-05 9.09707e-05 9.23825e-05 9.37786e-05 9.51579e-05 9.65187e-05 9.78599e-05 9.91801e-05 0.000100478 0.000101752 0.000103001 0.000104223 0.000105418 0.000106584 0.00010772 0.000108825 0.000109896 0.000110934 0.000111937 0.000112904 0.000113834 0.000114725 0.000115577 0.000116389 0.00011716 0.000117888 0.000118574 0.000119216 0.000119814 0.000120366 0.000120873 0.000121333 0.000121746 0.000122112 0.00012243 0.000122699 0.00012292 0.000123093 0.000123216 0.00012329 0.000123314 0.00012329 0.000123216 0.000123093 0.00012292 0.000122699 0.00012243 0.000122112 0.000121746 0.000121333 0.000120873 0.000120366 0.000119814 0.000119216 0.000118574 0.000117888 0.00011716 0.000116389 0.000115577 0.000114725 0.000113834 0.000112904 0.000111937 0.000110934 0.000109896 0.000108825 0.00010772 0.000106584 0.000105418 0.000104223 0.000103001 0.000101752 0.000100478 9.91801e-05 9.78599e-05 9.65187e-05 9.51579e-05 9.37786e-05 9.23825e-05 9.09707e-05 8.95446e-05 8.81057e-05 8.66552e-05 8.51945e-05 8.3725e-05 8.22478e-05 8.07645e-05 7.92761e-05 7.77841e-05 7.62896e-05 7.4794e-05 
7.54098e-05 7.69178e-05 7.84246e-05 7.99289e-05 8.14295e-05 8.29251e-05 8.44143e-05 8.5896e-05 8.73687e-05 8.88311e-05 9.02819e-05 9.17197e-05 9.31431e-05 9.45508e-05 9.59414e-05 9.73135e-05 9.86657e-05 9.99967e-05 0.000101305 0.00010259 0.000103849 0.000105082 0.000106286 0.000107462 0.000108607 0.000109721 0.000110801 0.000111848 0.000112859 0.000113834 0.000114771 0.00011567 0.000116529 0.000117347 0.000118124 0.000118859 0.00011955 0.000120198 0.0001208 0.000121357 0.000121868 0.000122332 0.000122748 0.000123117 0.000123438 0.00012371 0.000123933 0.000124106 0.00012423 0.000124305 0.00012433 0.000124305 0.00012423 0.000124106 0.000123933 0.00012371 0.000123438 0.000123117 0.000122748 0.000122332 0.000121868 0.000121357 0.0001208 0.000120198 0.00011955 0.000118859 0.000118124 0.000117347 0.000116529 0.00011567 0.000114771 0.000113834 0.000112859 0.000111848 0.000110801 0.000109721 0.000108607 0.000107462 0.000106286 0.000105082 0.000103849 0.00010259 0.000101305 9.99967e-05 9.86657e-05 9.73135e-05 9.59414e-05 9.45508e-05 9.31431e-05 9.17197e-05 9.02819e-05 8.88311e-05 8.73687e-05 8.5896e-05 8.44143e-05 8.29251e-05 8.14295e-05 7.99289e-05 7.84246e-05 7.69178e-05 7.54098e-05 
7.60003e-05 7.75201e-05 7.90387e-05 8.05548e-05 8.20671e-05 8.35744e-05 8.50753e-05 8.65686e-05 8.80529e-05 8.95267e-05 9.09889e-05 9.24379e-05 9.38725e-05 9.52912e-05 9.66926e-05 9.80755e-05 9.94383e-05 0.00010078 0.000102098 0.000103393 0.000104662 0.000105904 0.000107119 0.000108303 0.000109458 0.00011058 0.000111669 0.000112723 0.000113743 0.000114725 0.00011567 0.000116575 0.000117441 0.000118266 0.000119049 0.00011979 0.000120486 0.000121139 0.000121746 0.000122307 0.000122822 0.00012329 0.00012371 0.000124081 0.000124404 0.000124678 0.000124903 0.000125078 0.000125203 0.000125278 0.000125303 0.000125278 0.000125203 0.000125078 0.000124903 0.000124678 0.000124404 0.000124081 0.00012371 0.00012329 0.000122822 0.000122307 0.000121746 0.000121139 0.000120486 0.00011979 0.000119049 0.000118266 0.000117441 0.000116575 0.00011567 0.000114725 0.000113743 0.000112723 0.000111669 0.00011058 0.000109458 0.000108303 0.000107119 0.000105904 0.000104662 0.000103393 0.000102098 0.00010078 9.94383e-05 9.80755e-05 9.66926e-05 9.52912e-05 9.38725e-05 9.24379e-05 9.09889e-05 8.95267e-05 8.80529e-05 8.65686e-05 8.50753e-05 8.35744e-05 8.20671e-05 8.05548e-05 7.90387e-05 7.75201e-05 7.60003e-05 
7.65648e-05 7.80959e-05 7.96257e-05 8.11531e-05 8.26766e-05 8.41951e-05 8.57072e-05 8.72116e-05 8.87069e-05 9.01917e-05 9.16647e-05 9.31245e-05 9.45697e-05 9.59989e-05 9.74108e-05 9.88039e-05 0.000100177 0.000101528 0.000102857 0.000104161 0.000105439 0.000106691 0.000107914 0.000109108 0.000110271 0.000111401 0.000112498 0.000113561 0.000114587 0.000115577 0.000116529 0.000117441 0.000118313 0.000119145 0.000119933 0.000120679 0.000121381 0.000122039 0.00012265 0.000123216 0.000123734 0.000124205 0.000124628 0.000125003 0.000125328 0.000125604 0.000125831 0.000126007 0.000126133 0.000126209 0.000126234 0.000126209 0.000126133 0.000126007 0.000125831 0.000125604 0.000125328 0.000125003 0.000124628 0.000124205 0.000123734 0.000123216 0.00012265 0.000122039 0.000121381 0.000120679 0.000119933 0.000119145 0.000118313 0.000117441 0.000116529 0.000115577 0.000114587 0.000113561 0.000112498 0.000111401 0.000110271 0.000109108 0.000107914 0.000106691 0.000105439 0.000104161 0.000102857 0.000101528 0.000100177 9.88039e-05 9.74108e-05 9.59989e-05 9.45697e-05 9.31245e-05 9.16647e-05 9.01917e-05 8.87069e-05 8.72116e-05 8.57072e-05 8.41951e-05 8.26766e-05 8.11531e-05 7.96257e-05 7.80959e-05 7.65648e-05 
