625
2 3 4 7 10 13 17 22 26 30 33 35 36 35 33 30 26 22 17 13 10 7 4 3 2 
3 5 7 11 16 21 28 35 42 48 53 56 58 56 53 48 42 35 28 21 16 11 7 5 3 
4 7 11 17 24 33 42 53 64 73 81 86 88 86 81 73 64 53 42 33 24 17 11 7 4 
7 11 17 25 35 48 62 78 93 107 119 126 129 126 119 107 93 78 62 48 35 25 17 11 7 
10 16 24 35 50 68 88 110 131 151 167 177 181 177 167 151 131 110 88 68 50 35 24 16 10 
13 21 33 48 68 91 119 148 177 204 226 240 244 240 226 204 177 148 119 91 68 48 33 21 13 
17 28 42 62 88 119 154 192 230 265 293 311 317 311 293 265 230 192 154 119 88 62 42 28 17 
22 35 53 78 110 148 192 240 287 330 365 387 395 387 365 330 287 240 192 148 110 78 53 35 22 
26 42 64 93 131 177 230 287 344 395 437 464 473 464 437 395 344 287 230 177 131 93 64 42 26 
30 48 73 107 151 204 265 330 395 455 503 534 545 534 503 455 395 330 265 204 151 107 73 48 30 
33 53 81 119 167 226 293 365 437 503 556 590 602 590 556 503 437 365 293 226 167 119 81 53 33 
35 56 86 126 177 240 311 387 464 534 590 626 639 626 590 534 464 387 311 240 177 126 86 56 35 
36 58 88 129 181 244 317 395 473 545 602 639 652 639 602 545 473 395 317 244 181 129 88 58 36 
35 56 86 126 177 240 311 387 464 534 590 626 639 626 590 534 464 387 311 240 177 126 86 56 35 
33 53 81 119 167 226 293 365 437 503 556 590 602 590 556 503 437 365 293 226 167 119 81 53 33 
30 48 73 107 151 204 265 330 395 455 503 534 545 534 503 455 395 330 265 204 151 107 73 48 30 
26 42 64 93 131 177 230 287 344 395 437 464 473 464 437 395 344 287 230 177 131 93 64 42 26 
22 35 53 78 110 148 192 240 287 330 365 387 395 387 365 330 287 240 192 148 110 78 53 35 22 
17 28 42 62 88 119 154 192 230 265 293 311 317 311 293 265 230 192 154 119 88 62 42 28 17 
13 21 33 48 68 91 119 148 177 204 226 240 244 240 226 204 177 148 119 91 68 48 33 21 13 
10 16 24 35 50 68 88 110 131 151 167 177 181 177 167 151 131 110 88 68 50 35 24 16 10 
7 11 17 25 35 48 62 78 93 107 119 126 129 126 119 107 93 78 62 48 35 25 17 11 7 
4 7 11 17 24 33 42 53 64 73 81 86 88 86 81 73 64 53 42 33 24 17 11 7 4 
3 5 7 11 16 21 28 35 42 48 53 56 58 56 53 48 42 35 28 21 16 11 7 5 3 
2 3 4 7 10 13 17 22 26 30 33 35 36 35 33 30 26 22 17 13 10 7 4 3 2 
