1225
0 0 0 0 0 0 0 0 0 0 0 0 1 1 1 1 1 1 1 1 1 1 1 0 0 0 0 0 0 0 0 0 0 0 0 
0 0 0 0 0 0 0 0 0 1 1 1 2 2 3 3 3 3 3 3 3 2 2 1 1 1 0 0 0 0 0 0 0 0 0 
0 0 0 0 0 0 0 0 1 1 2 3 4 5 5 6 6 7 6 6 5 5 4 3 2 1 1 0 0 0 0 0 0 0 0 
0 0 0 0 0 0 1 1 2 3 4 6 7 9 10 11 12 12 12 11 10 9 7 6 4 3 2 1 1 0 0 0 0 0 0 
0 0 0 0 0 1 1 2 4 6 8 10 13 15 18 20 21 21 21 20 18 15 13 10 8 6 4 2 1 1 0 0 0 0 0 
0 0 0 0 1 2 3 4 7 9 13 17 21 25 29 33 35 35 35 33 29 25 21 17 13 9 7 4 3 2 1 0 0 0 0 
0 0 0 1 1 3 5 7 11 15 21 27 34 41 47 52 55 56 55 52 47 41 34 27 21 15 11 7 5 3 1 1 0 0 0 
0 0 0 1 2 4 7 11 17 23 32 41 52 62 72 79 84 86 84 79 72 62 52 41 32 23 17 11 7 4 2 1 0 0 0 
0 0 1 2 4 7 11 17 24 35 47 61 76 91 105 116 123 126 123 116 105 91 76 61 47 35 24 17 11 7 4 2 1 0 0 
0 1 1 3 6 9 15 23 35 49 66 86 107 128 147 163 173 177 173 163 147 128 107 86 66 49 35 23 15 9 6 3 1 1 0 
0 1 2 4 8 13 21 32 47 66 89 116 145 173 199 220 234 239 234 220 199 173 145 116 89 66 47 32 21 13 8 4 2 1 0 
0 1 3 6 10 17 27 41 61 86 116 150 188 225 259 286 304 310 304 286 259 225 188 150 116 86 61 41 27 17 10 6 3 1 0 
1 2 4 7 13 21 34 52 76 107 145 188 234 280 322 356 378 386 378 356 322 280 234 188 145 107 76 52 34 21 13 7 4 2 1 
1 2 5 9 15 25 41 62 91 128 173 225 280 335 386 427 453 462 453 427 386 335 280 225 173 128 91 62 41 25 15 9 5 2 1 
1 3 5 10 18 29 47 72 105 147 199 259 322 386 444 491 521 532 521 491 444 386 322 259 199 147 105 72 47 29 18 10 5 3 1 
1 3 6 11 20 33 52 79 116 163 220 286 356 427 491 542 576 588 576 542 491 427 356 286 220 163 116 79 52 33 20 11 6 3 1 
1 3 6 12 21 35 55 84 123 173 234 304 378 453 521 576 612 624 612 576 521 453 378 304 234 173 123 84 55 35 21 12 6 3 1 
1 3 7 12 21 35 56 86 126 177 239 310 386 462 532 588 624 637 624 588 532 462 386 310 239 177 126 86 56 35 21 12 7 3 1 
1 3 6 12 21 35 55 84 123 173 234 304 378 453 521 576 612 624 612 576 521 453 378 304 234 173 123 84 55 35 21 12 6 3 1 
1 3 6 11 20 33 52 79 116 163 220 286 356 427 491 542 576 588 576 542 491 427 356 286 220 163 116 79 52 33 20 11 6 3 1 
1 3 5 10 18 29 47 72 105 147 199 259 322 386 444 491 521 532 521 491 444 386 322 259 199 147 105 72 47 29 18 10 5 3 1 
1 2 5 9 15 25 41 62 91 128 173 225 280 335 386 427 453 462 453 427 386 335 280 225 173 128 91 62 41 25 15 9 5 2 1 
1 2 4 7 13 21 34 52 76 107 145 188 234 280 322 356 378 386 378 356 322 280 234 188 145 107 76 52 34 21 13 7 4 2 1 
0 1 3 6 10 17 27 41 61 86 116 150 188 225 259 286 304 310 304 286 259 225 188 150 116 86 61 41 27 17 10 6 3 1 0 
0 1 2 4 8 13 21 32 47 66 89 116 145 173 199 220 234 239 234 220 199 173 145 116 89 66 47 32 21 13 8 4 2 1 0 
0 1 1 3 6 9 15 23 35 49 66 86 107 128 147 163 173 177 173 163 147 128 107 86 66 49 35 23 15 9 6 3 1 1 0 
0 0 1 2 4 7 11 17 24 35 47 61 76 91 105 116 123 126 123 116 105 91 76 61 47 35 24 17 11 7 4 2 1 0 0 
0 0 0 1 2 4 7 11 17 23 32 41 52 62 72 79 84 86 84 79 72 62 52 41 32 23 17 11 7 4 2 1 0 0 0 
0 0 0 1 1 3 5 7 11 15 21 27 34 41 47 52 55 56 55 52 47 41 34 27 21 15 11 7 5 3 1 1 0 0 0 
0 0 0 0 1 2 3 4 7 9 13 17 21 25 29 33 35 35 35 33 29 25 21 17 13 9 7 4 3 2 1 0 0 0 0 
0 0 0 0 0 1 1 2 4 6 8 10 13 15 18 20 21 21 21 20 18 15 13 10 8 6 4 2 1 1 0 0 0 0 0 
0 0 0 0 0 0 1 1 2 3 4 6 7 9 10 11 12 12 12 11 10 9 7 6 4 3 2 1 1 0 0 0 0 0 0 
0 0 0 0 0 0 0 0 1 1 2 3 4 5 5 6 6 7 6 6 5 5 4 3 2 1 1 0 0 0 0 0 0 0 0 
0 0 0 0 0 0 0 0 0 1 1 1 2 2 3 3 3 3 3 3 3 2 2 1 1 1 0 0 0 0 0 0 0 0 0 
0 0 0 0 0 0 0 0 0 0 0 0 1 1 1 1 1 1 1 1 1 1 1 0 0 0 0 0 0 0 0 0 0 0 0 
