10201
1 1 1 2 2 3 3 4 5 6 7 9 11 13 15 18 20 24 28 32 37 42 47 54 60 68 76 84 93 102 112 122 133 144 155 166 177 188 198 209 219 228 237 245 252 259 264 268 271 273 273 273 271 268 264 259 252 245 237 228 219 209 198 188 177 166 155 144 133 122 112 102 93 84 76 68 60 54 47 42 37 32 28 24 20 18 15 13 11 9 7 6 5 4 3 3 2 2 1 1 1 
1 1 2 2 3 3 4 5 6 8 9 11 13 16 19 22 26 30 35 40 46 52 59 67 75 85 94 105 116 128 140 153 166 179 193 206 220 234 247 260 273 285 296 306 315 322 329 334 338 340 341 340 338 334 329 322 315 306 296 285 273 260 247 234 220 206 193 179 166 153 140 128 116 105 94 85 75 67 59 52 46 40 35 30 26 22 19 16 13 11 9 8 6 5 4 3 3 2 2 1 1 
1 2 2 3 3 4 5 6 8 10 12 14 17 20 23 27 32 37 43 50 57 65 74 83 94 105 117 130 144 158 174 189 206 222 239 256 273 290 307 323 338 353 367 379 390 400 408 414 419 422 423 422 419 414 408 400 390 379 367 353 338 323 307 290 273 256 239 222 206 189 174 158 144 130 117 105 94 83 74 65 57 50 43 37 32 27 23 20 17 14 12 10 8 6 5 4 3 3 2 2 1 
2 2 3 3 4 5 7 8 10 12 14 17 21 24 29 34 40 46 53 61 70 80 91 103 116 130 145 161 178 196 214 234 254 275 296 317 338 359 379 399 418 436 453 468 482 494 504 512 518 521 522 521 518 512 504 494 482 468 453 436 418 399 379 359 338 317 296 275 254 234 214 196 178 161 145 130 116 103 91 80 70 61 53 46 40 34 29 24 21 17 14 12 10 8 7 5 4 3 3 2 2 
2 3 3 4 5 7 8 10 12 15 18 21 25 30 36 42 49 57 66 75 87 99 112 127 143 160 178 198 219 241 264 288 312 338 363 389 415 441 466 491 514 537 557 576 593 608 620 630 637 641 642 641 637 630 620 608 593 576 557 537 514 491 466 441 415 389 363 338 312 288 264 241 219 198 178 160 143 127 112 99 87 75 66 57 49 42 36 30 25 21 18 15 12 10 8 7 5 4 3 3 2 
3 3 4 5 7 8 10 12 15 18 22 26 31 37 44 51 60 69 80 93 106 121 137 155 175 196 218 242 268 295 323 352 383 414 445 477 509 540 571 601 630 657 682 705 726 744 759 771 780 785 786 785 780 771 759 744 726 705 682 657 630 601 571 540 509 477 445 414 383 352 323 295 268 242 218 196 175 155 137 121 106 93 80 69 60 51 44 37 31 26 22 18 15 12 10 8 7 5 4 3 3 
3 4 5 7 8 10 12 15 19 22 27 32 38 45 53 63 73 85 98 113 129 147 167 189 213 239 266 296 327 359 394 429 466 504 543 581 620 658 696 732 767 801 831 860 885 907 925 940 950 956 959 956 950 940 925 907 885 860 831 801 767 732 696 658 620 581 543 504 466 429 394 359 327 296 266 239 213 189 167 147 129 113 98 85 73 63 53 45 38 32 27 22 19 15 12 10 8 7 5 4 3 
4 5 6 8 10 12 15 19 23 27 33 39 47 55 65 76 89 103 119 137 157 179 203 230 259 290 323 359 396 436 478 521 566 612 658 705 752 799 844 889 931 971 1009 1043 1074 1100 1123 1140 1153 1161 1163 1161 1153 1140 1123 1100 1074 1043 1009 971 931 889 844 799 752 705 658 612 566 521 478 436 396 359 323 290 259 230 203 179 157 137 119 103 89 76 65 55 47 39 33 27 23 19 15 12 10 8 6 5 4 
5 6 8 10 12 15 19 23 27 33 40 47 56 67 78 92 107 124 144 166 190 216 246 278 312 350 390 433 479 527 577 630 684 739 795 852 909 965 1020 1074 1125 1174 1219 1260 1297 1329 1356 1377 1393 1402 1405 1402 1393 1377 1356 1329 1297 1260 1219 1174 1125 1074 1020 965 909 852 795 739 684 630 577 527 479 433 390 350 312 278 246 216 190 166 144 124 107 92 78 67 56 47 40 33 27 23 19 15 12 10 8 6 5 
6 8 10 12 15 18 22 27 33 40 48 57 68 80 94 111 129 150 173 199 228 260 296 334 376 421 469 521 576 634 694 757 822 889 956 1025 1093 1161 1227 1291 1353 1411 1466 1515 1560 1598 1631 1656 1675 1686 1690 1686 1675 1656 1631 1598 1560 1515 1466 1411 1353 1291 1227 1161 1093 1025 956 889 822 757 694 634 576 521 469 421 376 334 296 260 228 199 173 150 129 111 94 80 68 57 48 40 33 27 22 18 15 12 10 8 6 
7 9 12 14 18 22 27 33 40 48 57 68 81 96 113 133 155 179 207 239 273 312 354 400 450 504 562 624 690 759 831 907 985 1064 1145 1227 1309 1390 1469 1546 1620 1690 1755 1814 1868 1914 1952 1983 2005 2019 2023 2019 2005 1983 1952 1914 1868 1814 1755 1690 1620 1546 1469 1390 1309 1227 1145 1064 985 907 831 759 690 624 562 504 450 400 354 312 273 239 207 179 155 133 113 96 81 68 57 48 40 33 27 22 18 14 12 9 7 
9 11 14 17 21 26 32 39 47 57 68 82 97 115 135 158 184 214 247 285 326 372 422 477 537 601 670 744 822 905 991 1081 1174 1269 1365 1462 1560 1656 1751 1843 1931 2014 2092 2163 2226 2281 2327 2364 2390 2406 2412 2406 2390 2364 2327 2281 2226 2163 2092 2014 1931 1843 1751 1656 1560 1462 1365 1269 1174 1081 991 905 822 744 670 601 537 477 422 372 326 285 247 214 184 158 135 115 97 82 68 57 47 39 32 26 21 17 14 11 9 
11 13 17 21 25 31 38 47 56 68 81 97 115 136 160 188 219 254 294 338 387 441 501 566 637 713 795 883 976 1074 1176 1283 1393 1505 1620 1735 1851 1966 2078 2187 2291 2390 2482 2566 2642 2707 2762 2805 2836 2855 2862 2855 2836 2805 2762 2707 2642 2566 2482 2390 2291 2187 2078 1966 1851 1735 1620 1505 1393 1283 1176 1074 976 883 795 713 637 566 501 441 387 338 294 254 219 188 160 136 115 97 81 68 56 47 38 31 25 21 17 13 11 
13 16 20 24 30 37 45 55 67 80 96 115 136 161 189 222 259 300 347 399 457 521 592 669 752 843 940 1043 1153 1269 1390 1515 1645 1778 1914 2050 2187 2322 2455 2584 2707 2824 2932 3032 3121 3198 3263 3314 3351 3373 3381 3373 3351 3314 3263 3198 3121 3032 2932 2824 2707 2584 2455 2322 2187 2050 1914 1778 1645 1515 1390 1269 1153 1043 940 843 752 669 592 521 457 399 347 300 259 222 189 161 136 115 96 80 67 55 45 37 30 24 20 16 13 
15 19 23 29 36 44 53 65 78 94 113 135 160 189 223 261 304 353 408 469 538 613 696 786 885 991 1105 1227 1356 1492 1634 1782 1935 2092 2251 2412 2572 2731 2887 3039 3184 3321 3449 3566 3671 3761 3837 3898 3941 3967 3976 3967 3941 3898 3837 3761 3671 3566 3449 3321 3184 3039 2887 2731 2572 2412 2251 2092 1935 1782 1634 1492 1356 1227 1105 991 885 786 696 613 538 469 408 353 304 261 223 189 160 135 113 94 78 65 53 44 36 29 23 19 15 
18 22 27 34 42 51 63 76 92 111 133 158 188 222 261 306 356 414 478 550 630 718 815 921 1036 1161 1294 1437 1588 1747 1914 2087 2266 2449 2636 2824 3012 3198 3381 3558 3728 3889 4039 4176 4298 4404 4493 4564 4615 4646 4656 4646 4615 4564 4493 4404 4298 4176 4039 3889 3728 3558 3381 3198 3012 2824 2636 2449 2266 2087 1914 1747 1588 1437 1294 1161 1036 921 815 718 630 550 478 414 356 306 261 222 188 158 133 111 92 76 63 51 42 34 27 22 18 
20 26 32 40 49 60 73 89 107 129 155 184 219 259 304 356 415 482 557 641 734 837 950 1074 1208 1353 1509 1675 1851 2037 2231 2433 2642 2855 3073 3292 3511 3728 3941 4148 4346 4533 4708 4868 5010 5134 5238 5320 5379 5415 5428 5415 5379 5320 5238 5134 5010 4868 4708 4533 4346 4148 3941 3728 3511 3292 3073 2855 2642 2433 2231 2037 1851 1675 1509 1353 1208 1074 950 837 734 641 557 482 415 356 304 259 219 184 155 129 107 89 73 60 49 40 32 26 20 
24 30 37 46 57 69 85 103 124 150 179 214 254 300 353 414 482 560 647 744 852 971 1103 1246 1402 1570 1751 1944 2148 2364 2589 2824 3066 3314 3566 3820 4075 4327 4574 4814 5044 5261 5464 5649 5815 5959 6079 6174 6243 6285 6299 6285 6243 6174 6079 5959 5815 5649 5464 5261 5044 4814 4574 4327 4075 3820 3566 3314 3066 2824 2589 2364 2148 1944 1751 1570 1402 1246 1103 971 852 744 647 560 482 414 353 300 254 214 179 150 124 103 85 69 57 46 37 30 24 
28 35 43 53 66 80 98 119 144 173 207 247 294 347 408 478 557 647 747 860 985 1123 1274 1440 1620 1814 2023 2246 2482 2731 2992 3263 3542 3829 4120 4414 4708 4999 5285 5562 5828 6079 6313 6527 6718 6885 7024 7134 7213 7262 7278 7262 7213 7134 7024 6885 6718 6527 6313 6079 5828 5562 5285 4999 4708 4414 4120 3829 3542 3263 2992 2731 2482 2246 2023 1814 1620 1440 1274 1123 985 860 747 647 557 478 408 347 294 247 207 173 144 119 98 80 66 53 43 35 28 
32 40 50 61 75 93 113 137 166 199 239 285 338 399 469 550 641 744 860 989 1133 1291 1466 1656 1863 2087 2327 2584 2855 3142 3441 3753 4075 4404 4739 5077 5415 5750 6079 6398 6703 6993 7262 7508 7728 7919 8079 8206 8298 8353 8372 8353 8298 8206 8079 7919 7728 7508 7262 6993 6703 6398 6079 5750 5415 5077 4739 4404 4075 3753 3441 3142 2855 2584 2327 2087 1863 1656 1466 1291 1133 989 860 744 641 550 469 399 338 285 239 199 166 137 113 93 75 61 50 40 32 
37 46 57 70 87 106 129 157 190 228 273 326 387 457 538 630 734 852 985 1133 1297 1479 1679 1897 2134 2390 2665 2959 3270 3598 3941 4298 4666 5044 5428 5815 6202 6585 6961 7327 7677 8008 8316 8598 8850 9069 9252 9397 9502 9566 9587 9566 9502 9397 9252 9069 8850 8598 8316 8008 7677 7327 6961 6585 6202 5815 5428 5044 4666 4298 3941 3598 3270 2959 2665 2390 2134 1897 1679 1479 1297 1133 985 852 734 630 538 457 387 326 273 228 190 157 129 106 87 70 57 46 37 
42 52 65 80 99 121 147 179 216 260 312 372 441 521 613 718 837 971 1123 1291 1479 1686 1914 2163 2433 2725 3039 3373 3728 4102 4493 4900 5320 5750 6188 6629 7071 7508 7937 8353 8752 9130 9481 9802 10090 10340 10548 10714 10833 10906 10930 10906 10833 10714 10548 10340 10090 9802 9481 9130 8752 8353 7937 7508 7071 6629 6188 5750 5320 4900 4493 4102 3728 3373 3039 2725 2433 2163 1914 1686 1479 1291 1123 971 837 718 613 521 441 372 312 260 216 179 147 121 99 80 65 52 42 
47 59 74 91 112 137 167 203 246 296 354 422 501 592 696 815 950 1103 1274 1466 1679 1914 2172 2455 2762 3093 3449 3829 4232 4656 5100 5562 6039 6527 7024 7525 8026 8522 9009 9481 9934 10363 10762 11126 11452 11736 11973 12161 12296 12379 12406 12379 12296 12161 11973 11736 11452 11126 10762 10363 9934 9481 9009 8522 8026 7525 7024 6527 6039 5562 5100 4656 4232 3829 3449 3093 2762 2455 2172 1914 1679 1466 1274 1103 950 815 696 592 501 422 354 296 246 203 167 137 112 91 74 59 47 
54 67 83 103 127 155 189 230 278 334 400 477 566 669 786 921 1074 1246 1440 1656 1897 2163 2455 2774 3121 3495 3898 4327 4782 5261 5763 6285 6824 7376 7937 8503 9069 9630 10180 10714 11226 11710 12161 12573 12941 13262 13530 13742 13895 13988 14019 13988 13895 13742 13530 13262 12941 12573 12161 11710 11226 10714 10180 9630 9069 8503 7937 7376 6824 6285 5763 5261 4782 4327 3898 3495 3121 2774 2455 2163 1897 1656 1440 1246 1074 921 786 669 566 477 400 334 278 230 189 155 127 103 83 67 54 
60 75 94 116 143 175 213 259 312 376 450 537 637 752 885 1036 1208 1402 1620 1863 2134 2433 2762 3121 3511 3932 4385 4868 5379 5919 6484 7071 7677 8298 8929 9566 10203 10833 11452 12053 12629 13173 13681 14144 14559 14919 15221 15459 15632 15737 15772 15737 15632 15459 15221 14919 14559 14144 13681 13173 12629 12053 11452 10833 10203 9566 8929 8298 7677 7071 6484 5919 5379 4868 4385 3932 3511 3121 2762 2433 2134 1863 1620 1402 1208 1036 885 752 637 537 450 376 312 259 213 175 143 116 94 75 60 
68 85 105 130 160 196 239 290 350 421 504 601 713 843 991 1161 1353 1570 1814 2087 2390 2725 3093 3495 3932 4404 4911 5452 6025 6629 7262 7919 8598 9293 10001 10714 11427 12134 12827 13499 14144 14754 15323 15842 16306 16710 17047 17315 17508 17625 17664 17625 17508 17315 17047 16710 16306 15842 15323 14754 14144 13499 12827 12134 11427 10714 10001 9293 8598 7919 7262 6629 6025 5452 4911 4404 3932 3495 3093 2725 2390 2087 1814 1570 1353 1161 991 843 713 601 504 421 350 290 239 196 160 130 105 85 68 
76 94 117 145 178 218 266 323 390 469 562 670 795 940 1105 1294 1509 1751 2023 2327 2665 3039 3449 3898 4385 4911 5476 6079 6718 7392 8097 8830 9587 10363 11151 11946 12742 13530 14302 15053 15772 16452 17085 17664 18182 18632 19008 19306 19522 19653 19696 19653 19522 19306 19008 18632 18182 17664 17085 16452 15772 15053 14302 13530 12742 11946 11151 10363 9587 8830 8097 7392 6718 6079 5476 4911 4385 3898 3449 3039 2665 2327 2023 1751 1509 1294 1105 940 795 670 562 469 390 323 266 218 178 145 117 94 76 
84 105 130 161 198 242 296 359 433 521 624 744 883 1043 1227 1437 1675 1944 2246 2584 2959 3373 3829 4327 4868 5452 6079 6748 7458 8206 8989 9802 10643 11503 12379 13262 14144 15019 15877 16710 17508 18263 18966 19609 20184 20683 21101 21432 21672 21816 21865 21816 21672 21432 21101 20683 20184 19609 18966 18263 17508 16710 15877 15019 14144 13262 12379 11503 10643 9802 8989 8206 7458 6748 6079 5452 4868 4327 3829 3373 2959 2584 2246 1944 1675 1437 1227 1043 883 744 624 521 433 359 296 242 198 161 130 105 84 
93 116 144 178 219 268 327 396 479 576 690 822 976 1153 1356 1588 1851 2148 2482 2855 3270 3728 4232 4782 5379 6025 6718 7458 8242 9069 9934 10833 11762 12713 13681 14656 15632 16599 17547 18467 19349 20184 20961 21672 22307 22859 23321 23686 23951 24111 24165 24111 23951 23686 23321 22859 22307 21672 20961 20184 19349 18467 17547 16599 15632 14656 13681 12713 11762 10833 9934 9069 8242 7458 6718 6025 5379 4782 4232 3728 3270 2855 2482 2148 1851 1588 1356 1153 976 822 690 576 479 396 327 268 219 178 144 116 93 
102 128 158 196 241 295 359 436 527 634 759 905 1074 1269 1492 1747 2037 2364 2731 3142 3598 4102 4656 5261 5919 6629 7392 8206 9069 9978 10930 11920 12941 13988 15053 16126 17200 18263 19306 20319 21290 22208 23063 23845 24543 25151 25659 26061 26352 26529 26588 26529 26352 26061 25659 25151 24543 23845 23063 22208 21290 20319 19306 18263 17200 16126 15053 13988 12941 11920 10930 9978 9069 8206 7392 6629 5919 5261 4656 4102 3598 3142 2731 2364 2037 1747 1492 1269 1074 905 759 634 527 436 359 295 241 196 158 128 102 
112 140 174 214 264 323 394 478 577 694 831 991 1176 1390 1634 1914 2231 2589 2992 3441 3941 4493 5100 5763 6484 7262 8097 8989 9934 10930 11973 13057 14176 15323 16488 17664 18840 20005 21148 22257 23321 24326 25263 26119 26885 27550 28107 28547 28866 29059 29124 29059 28866 28547 28107 27550 26885 26119 25263 24326 23321 22257 21148 20005 18840 17664 16488 15323 14176 13057 11973 10930 9934 8989 8097 7262 6484 5763 5100 4493 3941 3441 2992 2589 2231 1914 1634 1390 1176 991 831 694 577 478 394 323 264 214 174 140 112 
122 153 189 234 288 352 429 521 630 757 907 1081 1283 1515 1782 2087 2433 2824 3263 3753 4298 4900 5562 6285 7071 7919 8830 9802 10833 11920 13057 14239 15459 16710 17981 19264 20546 21816 23063 24272 25432 26529 27550 28484 29319 30044 30651 31132 31480 31690 31761 31690 31480 31132 30651 30044 29319 28484 27550 26529 25432 24272 23063 21816 20546 19264 17981 16710 15459 14239 13057 11920 10833 9802 8830 7919 7071 6285 5562 4900 4298 3753 3263 2824 2433 2087 1782 1515 1283 1081 907 757 630 521 429 352 288 234 189 153 122 
133 166 206 254 312 383 466 566 684 822 985 1174 1393 1645 1935 2266 2642 3066 3542 4075 4666 5320 6039 6824 7677 8598 9587 10643 11762 12941 14176 15459 16784 18142 19522 20914 22307 23686 25039 26352 27611 28802 29911 30925 31831 32619 33278 33800 34177 34406 34482 34406 34177 33800 33278 32619 31831 30925 29911 28802 27611 26352 25039 23686 22307 20914 19522 18142 16784 15459 14176 12941 11762 10643 9587 8598 7677 6824 6039 5320 4666 4075 3542 3066 2642 2266 1935 1645 1393 1174 985 822 684 566 466 383 312 254 206 166 133 
144 179 222 275 338 414 504 612 739 889 1064 1269 1505 1778 2092 2449 2855 3314 3829 4404 5044 5750 6527 7376 8298 9293 10363 11503 12713 13988 15323 16710 18142 19609 21101 22606 24111 25602 27065 28484 29845 31132 32330 33426 34406 35257 35970 36534 36942 37189 37272 37189 36942 36534 35970 35257 34406 33426 32330 31132 29845 28484 27065 25602 24111 22606 21101 19609 18142 16710 15323 13988 12713 11503 10363 9293 8298 7376 6527 5750 5044 4404 3829 3314 2855 2449 2092 1778 1505 1269 1064 889 739 612 504 414 338 275 222 179 144 
155 193 239 296 363 445 543 658 795 956 1145 1365 1620 1914 2251 2636 3073 3566 4120 4739 5428 6188 7024 7937 8929 10001 11151 12379 13681 15053 16488 17981 19522 21101 22707 24326 25946 27550 29124 30651 32116 33501 34790 35970 37024 37940 38707 39313 39753 40019 40108 40019 39753 39313 38707 37940 37024 35970 34790 33501 32116 30651 29124 27550 25946 24326 22707 21101 19522 17981 16488 15053 13681 12379 11151 10001 8929 7937 7024 6188 5428 4739 4120 3566 3073 2636 2251 1914 1620 1365 1145 956 795 658 543 445 363 296 239 193 155 
166 206 256 317 389 477 581 705 852 1025 1227 1462 1735 2050 2412 2824 3292 3820 4414 5077 5815 6629 7525 8503 9566 10714 11946 13262 14656 16126 17664 19264 20914 22606 24326 26061 27796 29515 31201 32837 34406 35890 37272 38535 39664 40646 41467 42117 42588 42873 42968 42873 42588 42117 41467 40646 39664 38535 37272 35890 34406 32837 31201 29515 27796 26061 24326 22606 20914 19264 17664 16126 14656 13262 11946 10714 9566 8503 7525 6629 5815 5077 4414 3820 3292 2824 2412 2050 1735 1462 1227 1025 852 705 581 477 389 317 256 206 166 
177 220 273 338 415 509 620 752 909 1093 1309 1560 1851 2187 2572 3012 3511 4075 4708 5415 6202 7071 8026 9069 10203 11427 12742 14144 15632 17200 18840 20546 22307 24111 25946 27796 29646 31480 33278 35023 36696 38279 39753 41100 42305 43352 44227 44921 45423 45726 45828 45726 45423 44921 44227 43352 42305 41100 39753 38279 36696 35023 33278 31480 29646 27796 25946 24111 22307 20546 18840 17200 15632 14144 12742 11427 10203 9069 8026 7071 6202 5415 4708 4075 3511 3012 2572 2187 1851 1560 1309 1093 909 752 620 509 415 338 273 220 177 
188 234 290 359 441 540 658 799 965 1161 1390 1656 1966 2322 2731 3198 3728 4327 4999 5750 6585 7508 8522 9630 10833 12134 13530 15019 16599 18263 20005 21816 23686 25602 27550 29515 31480 33426 35336 37189 38965 40646 42211 43642 44921 46032 46962 47699 48231 48554 48662 48554 48231 47699 46962 46032 44921 43642 42211 40646 38965 37189 35336 33426 31480 29515 27550 25602 23686 21816 20005 18263 16599 15019 13530 12134 10833 9630 8522 7508 6585 5750 4999 4327 3728 3198 2731 2322 1966 1656 1390 1161 965 799 658 540 441 359 290 234 188 
198 247 307 379 466 571 696 844 1020 1227 1469 1751 2078 2455 2887 3381 3941 4574 5285 6079 6961 7937 9009 10180 11452 12827 14302 15877 17547 19306 21148 23063 25039 27065 29124 31201 33278 35336 37354 39313 41192 42968 44622 46135 47487 48662 49645 50423 50987 51328 51442 51328 50987 50423 49645 48662 47487 46135 44622 42968 41192 39313 37354 35336 33278 31201 29124 27065 25039 23063 21148 19306 17547 15877 14302 12827 11452 10180 9009 7937 6961 6079 5285 4574 3941 3381 2887 2455 2078 1751 1469 1227 1020 844 696 571 466 379 307 247 198 
209 260 323 399 491 601 732 889 1074 1291 1546 1843 2187 2584 3039 3558 4148 4814 5562 6398 7327 8353 9481 10714 12053 13499 15053 16710 18467 20319 22257 24272 26352 28484 30651 32837 35023 37189 39313 41375 43352 45221 46962 48554 49977 51214 52249 53068 53661 54020 54140 54020 53661 53068 52249 51214 49977 48554 46962 45221 43352 41375 39313 37189 35023 32837 30651 28484 26352 24272 22257 20319 18467 16710 15053 13499 12053 10714 9481 8353 7327 6398 5562 4814 4148 3558 3039 2584 2187 1843 1546 1291 1074 889 732 601 491 399 323 260 209 
219 273 338 418 514 630 767 931 1125 1353 1620 1931 2291 2707 3184 3728 4346 5044 5828 6703 7677 8752 9934 11226 12629 14144 15772 17508 19349 21290 23321 25432 27611 29845 32116 34406 36696 38965 41192 43352 45423 47382 49206 50874 52365 53661 54745 55603 56224 56600 56726 56600 56224 55603 54745 53661 52365 50874 49206 47382 45423 43352 41192 38965 36696 34406 32116 29845 27611 25432 23321 21290 19349 17508 15772 14144 12629 11226 9934 8752 7677 6703 5828 5044 4346 3728 3184 2707 2291 1931 1620 1353 1125 931 767 630 514 418 338 273 219 
228 285 353 436 537 657 801 971 1174 1411 1690 2014 2390 2824 3321 3889 4533 5261 6079 6993 8008 9130 10363 11710 13173 14754 16452 18263 20184 22208 24326 26529 28802 31132 33501 35890 38279 40646 42968 45221 47382 49425 51328 53068 54623 55975 57106 58001 58649 59041 59173 59041 58649 58001 57106 55975 54623 53068 51328 49425 47382 45221 42968 40646 38279 35890 33501 31132 28802 26529 24326 22208 20184 18263 16452 14754 13173 11710 10363 9130 8008 6993 6079 5261 4533 3889 3321 2824 2390 2014 1690 1411 1174 971 801 657 537 436 353 285 228 
237 296 367 453 557 682 831 1009 1219 1466 1755 2092 2482 2932 3449 4039 4708 5464 6313 7262 8316 9481 10762 12161 13681 15323 17085 18966 20961 23063 25263 27550 29911 32330 34790 37272 39753 42211 44622 46962 49206 51328 53304 55111 56726 58130 59304 60234 60907 61314 61451 61314 60907 60234 59304 58130 56726 55111 53304 51328 49206 46962 44622 42211 39753 37272 34790 32330 29911 27550 25263 23063 20961 18966 17085 15323 13681 12161 10762 9481 8316 7262 6313 5464 4708 4039 3449 2932 2482 2092 1755 1466 1219 1009 831 682 557 453 367 296 237 
245 306 379 468 576 705 860 1043 1260 1515 1814 2163 2566 3032 3566 4176 4868 5649 6527 7508 8598 9802 11126 12573 14144 15842 17664 19609 21672 23845 26119 28484 30925 33426 35970 38535 41100 43642 46135 48554 50874 53068 55111 56979 58649 60100 61314 62276 62971 63393 63534 63393 62971 62276 61314 60100 58649 56979 55111 53068 50874 48554 46135 43642 41100 38535 35970 33426 30925 28484 26119 23845 21672 19609 17664 15842 14144 12573 11126 9802 8598 7508 6527 5649 4868 4176 3566 3032 2566 2163 1814 1515 1260 1043 860 705 576 468 379 306 245 
252 315 390 482 593 726 885 1074 1297 1560 1868 2226 2642 3121 3671 4298 5010 5815 6718 7728 8850 10090 11452 12941 14559 16306 18182 20184 22307 24543 26885 29319 31831 34406 37024 39664 42305 44921 47487 49977 52365 54623 56726 58649 60368 61862 63111 64101 64817 65251 65396 65251 64817 64101 63111 61862 60368 58649 56726 54623 52365 49977 47487 44921 42305 39664 37024 34406 31831 29319 26885 24543 22307 20184 18182 16306 14559 12941 11452 10090 8850 7728 6718 5815 5010 4298 3671 3121 2642 2226 1868 1560 1297 1074 885 726 593 482 390 315 252 
259 322 400 494 608 744 907 1100 1329 1598 1914 2281 2707 3198 3761 4404 5134 5959 6885 7919 9069 10340 11736 13262 14919 16710 18632 20683 22859 25151 27550 30044 32619 35257 37940 40646 43352 46032 48662 51214 53661 55975 58130 60100 61862 63393 64673 65687 66421 66865 67014 66865 66421 65687 64673 63393 61862 60100 58130 55975 53661 51214 48662 46032 43352 40646 37940 35257 32619 30044 27550 25151 22859 20683 18632 16710 14919 13262 11736 10340 9069 7919 6885 5959 5134 4404 3761 3198 2707 2281 1914 1598 1329 1100 907 744 608 494 400 322 259 
264 329 408 504 620 759 925 1123 1356 1631 1952 2327 2762 3263 3837 4493 5238 6079 7024 8079 9252 10548 11973 13530 15221 17047 19008 21101 23321 25659 28107 30651 33278 35970 38707 41467 44227 46962 49645 52249 54745 57106 59304 61314 63111 64673 65980 67014 67763 68216 68368 68216 67763 67014 65980 64673 63111 61314 59304 57106 54745 52249 49645 46962 44227 41467 38707 35970 33278 30651 28107 25659 23321 21101 19008 17047 15221 13530 11973 10548 9252 8079 7024 6079 5238 4493 3837 3263 2762 2327 1952 1631 1356 1123 925 759 620 504 408 329 264 
268 334 414 512 630 771 940 1140 1377 1656 1983 2364 2805 3314 3898 4564 5320 6174 7134 8206 9397 10714 12161 13742 15459 17315 19306 21432 23686 26061 28547 31132 33800 36534 39313 42117 44921 47699 50423 53068 55603 58001 60234 62276 64101 65687 67014 68065 68825 69286 69440 69286 68825 68065 67014 65687 64101 62276 60234 58001 55603 53068 50423 47699 44921 42117 39313 36534 33800 31132 28547 26061 23686 21432 19306 17315 15459 13742 12161 10714 9397 8206 7134 6174 5320 4564 3898 3314 2805 2364 1983 1656 1377 1140 940 771 630 512 414 334 268 
271 338 419 518 637 780 950 1153 1393 1675 2005 2390 2836 3351 3941 4615 5379 6243 7213 8298 9502 10833 12296 13895 15632 17508 19522 21672 23951 26352 28866 31480 34177 36942 39753 42588 45423 48231 50987 53661 56224 58649 60907 62971 64817 66421 67763 68825 69594 70060 70216 70060 69594 68825 67763 66421 64817 62971 60907 58649 56224 53661 50987 48231 45423 42588 39753 36942 34177 31480 28866 26352 23951 21672 19522 17508 15632 13895 12296 10833 9502 8298 7213 6243 5379 4615 3941 3351 2836 2390 2005 1675 1393 1153 950 780 637 518 419 338 271 
273 340 422 521 641 785 956 1161 1402 1686 2019 2406 2855 3373 3967 4646 5415 6285 7262 8353 9566 10906 12379 13988 15737 17625 19653 21816 24111 26529 29059 31690 34406 37189 40019 42873 45726 48554 51328 54020 56600 59041 61314 63393 65251 66865 68216 69286 70060 70528 70685 70528 70060 69286 68216 66865 65251 63393 61314 59041 56600 54020 51328 48554 45726 42873 40019 37189 34406 31690 29059 26529 24111 21816 19653 17625 15737 13988 12379 10906 9566 8353 7262 6285 5415 4646 3967 3373 2855 2406 2019 1686 1402 1161 956 785 641 521 422 340 273 
273 341 423 522 642 786 959 1163 1405 1690 2023 2412 2862 3381 3976 4656 5428 6299 7278 8372 9587 10930 12406 14019 15772 17664 19696 21865 24165 26588 29124 31761 34482 37272 40108 42968 45828 48662 51442 54140 56726 59173 61451 63534 65396 67014 68368 69440 70216 70685 70843 70685 70216 69440 68368 67014 65396 63534 61451 59173 56726 54140 51442 48662 45828 42968 40108 37272 34482 31761 29124 26588 24165 21865 19696 17664 15772 14019 12406 10930 9587 8372 7278 6299 5428 4656 3976 3381 2862 2412 2023 1690 1405 1163 959 786 642 522 423 341 273 
273 340 422 521 641 785 956 1161 1402 1686 2019 2406 2855 3373 3967 4646 5415 6285 7262 8353 9566 10906 12379 13988 15737 17625 19653 21816 24111 26529 29059 31690 34406 37189 40019 42873 45726 48554 51328 54020 56600 59041 61314 63393 65251 66865 68216 69286 70060 70528 70685 70528 70060 69286 68216 66865 65251 63393 61314 59041 56600 54020 51328 48554 45726 42873 40019 37189 34406 31690 29059 26529 24111 21816 19653 17625 15737 13988 12379 10906 9566 8353 7262 6285 5415 4646 3967 3373 2855 2406 2019 1686 1402 1161 956 785 641 521 422 340 273 
271 338 419 518 637 780 950 1153 1393 1675 2005 2390 2836 3351 3941 4615 5379 6243 7213 8298 9502 10833 12296 13895 15632 17508 19522 21672 23951 26352 28866 31480 34177 36942 39753 42588 45423 48231 50987 53661 56224 58649 60907 62971 64817 66421 67763 68825 69594 70060 70216 70060 69594 68825 67763 66421 64817 62971 60907 58649 56224 53661 50987 48231 45423 42588 39753 36942 34177 31480 28866 26352 23951 21672 19522 17508 15632 13895 12296 10833 9502 8298 7213 6243 5379 4615 3941 3351 2836 2390 2005 1675 1393 1153 950 780 637 518 419 338 271 
268 334 414 512 630 771 940 1140 1377 1656 1983 2364 2805 3314 3898 4564 5320 6174 7134 8206 9397 10714 12161 13742 15459 17315 19306 21432 23686 26061 28547 31132 33800 36534 39313 42117 44921 47699 50423 53068 55603 58001 60234 62276 64101 65687 67014 68065 68825 69286 69440 69286 68825 68065 67014 65687 64101 62276 60234 58001 55603 53068 50423 47699 44921 42117 39313 36534 33800 31132 28547 26061 23686 21432 19306 17315 15459 13742 12161 10714 9397 8206 7134 6174 5320 4564 3898 3314 2805 2364 1983 1656 1377 1140 940 771 630 512 414 334 268 
264 329 408 504 620 759 925 1123 1356 1631 1952 2327 2762 3263 3837 4493 5238 6079 7024 8079 9252 10548 11973 13530 15221 17047 19008 21101 23321 25659 28107 30651 33278 35970 38707 41467 44227 46962 49645 52249 54745 57106 59304 61314 63111 64673 65980 67014 67763 68216 68368 68216 67763 67014 65980 64673 63111 61314 59304 57106 54745 52249 49645 46962 44227 41467 38707 35970 33278 30651 28107 25659 23321 21101 19008 17047 15221 13530 11973 10548 9252 8079 7024 6079 5238 4493 3837 3263 2762 2327 1952 1631 1356 1123 925 759 620 504 408 329 264 
259 322 400 494 608 744 907 1100 1329 1598 1914 2281 2707 3198 3761 4404 5134 5959 6885 7919 9069 10340 11736 13262 14919 16710 18632 20683 22859 25151 27550 30044 32619 35257 37940 40646 43352 46032 48662 51214 53661 55975 58130 60100 61862 63393 64673 65687 66421 66865 67014 66865 66421 65687 64673 63393 61862 60100 58130 55975 53661 51214 48662 46032 43352 40646 37940 35257 32619 30044 27550 25151 22859 20683 18632 16710 14919 13262 11736 10340 9069 7919 6885 5959 5134 4404 3761 3198 2707 2281 1914 1598 1329 1100 907 744 608 494 400 322 259 
252 315 390 482 593 726 885 1074 1297 1560 1868 2226 2642 3121 3671 4298 5010 5815 6718 7728 8850 10090 11452 12941 14559 16306 18182 20184 22307 24543 26885 29319 31831 34406 37024 39664 42305 44921 47487 49977 52365 54623 56726 58649 60368 61862 63111 64101 64817 65251 65396 65251 64817 64101 63111 61862 60368 58649 56726 54623 52365 49977 47487 44921 42305 39664 37024 34406 31831 29319 26885 24543 22307 20184 18182 16306 14559 12941 11452 10090 8850 7728 6718 5815 5010 4298 3671 3121 2642 2226 1868 1560 1297 1074 885 726 593 482 390 315 252 
245 306 379 468 576 705 860 1043 1260 1515 1814 2163 2566 3032 3566 4176 4868 5649 6527 7508 8598 9802 11126 12573 14144 15842 17664 19609 21672 23845 26119 28484 30925 33426 35970 38535 41100 43642 46135 48554 50874 53068 55111 56979 58649 60100 61314 62276 62971 63393 63534 63393 62971 62276 61314 60100 58649 56979 55111 53068 50874 48554 46135 43642 41100 38535 35970 33426 30925 28484 26119 23845 21672 19609 17664 15842 14144 12573 11126 9802 8598 7508 6527 5649 4868 4176 3566 3032 2566 2163 1814 1515 1260 1043 860 705 576 468 379 306 245 
237 296 367 453 557 682 831 1009 1219 1466 1755 2092 2482 2932 3449 4039 4708 5464 6313 7262 8316 9481 10762 12161 13681 15323 17085 18966 20961 23063 25263 27550 29911 32330 34790 37272 39753 42211 44622 46962 49206 51328 53304 55111 56726 58130 59304 60234 60907 61314 61451 61314 60907 60234 59304 58130 56726 55111 53304 51328 49206 46962 44622 42211 39753 37272 34790 32330 29911 27550 25263 23063 20961 18966 17085 15323 13681 12161 10762 9481 8316 7262 6313 5464 4708 4039 3449 2932 2482 2092 1755 1466 1219 1009 831 682 557 453 367 296 237 
228 285 353 436 537 657 801 971 1174 1411 1690 2014 2390 2824 3321 3889 4533 5261 6079 6993 8008 9130 10363 11710 13173 14754 16452 18263 20184 22208 24326 26529 28802 31132 33501 35890 38279 40646 42968 45221 47382 49425 51328 53068 54623 55975 57106 58001 58649 59041 59173 59041 58649 58001 57106 55975 54623 53068 51328 49425 47382 45221 42968 40646 38279 35890 33501 31132 28802 26529 24326 22208 20184 18263 16452 14754 13173 11710 10363 9130 8008 6993 6079 5261 4533 3889 3321 2824 2390 2014 1690 1411 1174 971 801 657 537 436 353 285 228 
219 273 338 418 514 630 767 931 1125 1353 1620 1931 2291 2707 3184 3728 4346 5044 5828 6703 7677 8752 9934 11226 12629 14144 15772 17508 19349 21290 23321 25432 27611 29845 32116 34406 36696 38965 41192 43352 45423 47382 49206 50874 52365 53661 54745 55603 56224 56600 56726 56600 56224 55603 54745 53661 52365 50874 49206 47382 45423 43352 41192 38965 36696 34406 32116 29845 27611 25432 23321 21290 19349 17508 15772 14144 12629 11226 9934 8752 7677 6703 5828 5044 4346 3728 3184 2707 2291 1931 1620 1353 1125 931 767 630 514 418 338 273 219 
209 260 323 399 491 601 732 889 1074 1291 1546 1843 2187 2584 3039 3558 4148 4814 5562 6398 7327 8353 9481 10714 12053 13499 15053 16710 18467 20319 22257 24272 26352 28484 30651 32837 35023 37189 39313 41375 43352 45221 46962 48554 49977 51214 52249 53068 53661 54020 54140 54020 53661 53068 52249 51214 49977 48554 46962 45221 43352 41375 39313 37189 35023 32837 30651 28484 26352 24272 22257 20319 18467 16710 15053 13499 12053 10714 9481 8353 7327 6398 5562 4814 4148 3558 3039 2584 2187 1843 1546 1291 1074 889 732 601 491 399 323 260 209 
198 247 307 379 466 571 696 844 1020 1227 1469 1751 2078 2455 2887 3381 3941 4574 5285 6079 6961 7937 9009 10180 11452 12827 14302 15877 17547 19306 21148 23063 25039 27065 29124 31201 33278 35336 37354 39313 41192 42968 44622 46135 47487 48662 49645 50423 50987 51328 51442 51328 50987 50423 49645 48662 47487 46135 44622 42968 41192 39313 37354 35336 33278 31201 29124 27065 25039 23063 21148 19306 17547 15877 14302 12827 11452 10180 9009 7937 6961 6079 5285 4574 3941 3381 2887 2455 2078 1751 1469 1227 1020 844 696 571 466 379 307 247 198 
188 234 290 359 441 540 658 799 965 1161 1390 1656 1966 2322 2731 3198 3728 4327 4999 5750 6585 7508 8522 9630 10833 12134 13530 15019 16599 18263 20005 21816 23686 25602 27550 29515 31480 33426 35336 37189 38965 40646 42211 43642 44921 46032 46962 47699 48231 48554 48662 48554 48231 47699 46962 46032 44921 43642 42211 40646 38965 37189 35336 33426 31480 29515 27550 25602 23686 21816 20005 18263 16599 15019 13530 12134 10833 9630 8522 7508 6585 5750 4999 4327 3728 3198 2731 2322 1966 1656 1390 1161 965 799 658 540 441 359 290 234 188 
177 220 273 338 415 509 620 752 909 1093 1309 1560 1851 2187 2572 3012 3511 4075 4708 5415 6202 7071 8026 9069 10203 11427 12742 14144 15632 17200 18840 20546 22307 24111 25946 27796 29646 31480 33278 35023 36696 38279 39753 41100 42305 43352 44227 44921 45423 45726 45828 45726 45423 44921 44227 43352 42305 41100 39753 38279 36696 35023 33278 31480 29646 27796 25946 24111 22307 20546 18840 17200 15632 14144 12742 11427 10203 9069 8026 7071 6202 5415 4708 4075 3511 3012 2572 2187 1851 1560 1309 1093 909 752 620 509 415 338 273 220 177 
166 206 256 317 389 477 581 705 852 1025 1227 1462 1735 2050 2412 2824 3292 3820 4414 5077 5815 6629 7525 8503 9566 10714 11946 13262 14656 16126 17664 19264 20914 22606 24326 26061 27796 29515 31201 32837 34406 35890 37272 38535 39664 40646 41467 42117 42588 42873 42968 42873 42588 42117 41467 40646 39664 38535 37272 35890 34406 32837 31201 29515 27796 26061 24326 22606 20914 19264 17664 16126 14656 13262 11946 10714 9566 8503 7525 6629 5815 5077 4414 3820 3292 2824 2412 2050 1735 1462 1227 1025 852 705 581 477 389 317 256 206 166 
155 193 239 296 363 445 543 658 795 956 1145 1365 1620 1914 2251 2636 3073 3566 4120 4739 5428 6188 7024 7937 8929 10001 11151 12379 13681 15053 16488 17981 19522 21101 22707 24326 25946 27550 29124 30651 32116 33501 34790 35970 37024 37940 38707 39313 39753 40019 40108 40019 39753 39313 38707 37940 37024 35970 34790 33501 32116 30651 29124 27550 25946 24326 22707 21101 19522 17981 16488 15053 13681 12379 11151 10001 8929 7937 7024 6188 5428 4739 4120 3566 3073 2636 2251 1914 1620 1365 1145 956 795 658 543 445 363 296 239 193 155 
144 179 222 275 338 414 504 612 739 889 1064 1269 1505 1778 2092 2449 2855 3314 3829 4404 5044 5750 6527 7376 8298 9293 10363 11503 12713 13988 15323 16710 18142 19609 21101 22606 24111 25602 27065 28484 29845 31132 32330 33426 34406 35257 35970 36534 36942 37189 37272 37189 36942 36534 35970 35257 34406 33426 32330 31132 29845 28484 27065 25602 24111 22606 21101 19609 18142 16710 15323 13988 12713 11503 10363 9293 8298 7376 6527 5750 5044 4404 3829 3314 2855 2449 2092 1778 1505 1269 1064 889 739 612 504 414 338 275 222 179 144 
133 166 206 254 312 383 466 566 684 822 985 1174 1393 1645 1935 2266 2642 3066 3542 4075 4666 5320 6039 6824 7677 8598 9587 10643 11762 12941 14176 15459 16784 18142 19522 20914 22307 23686 25039 26352 27611 28802 29911 30925 31831 32619 33278 33800 34177 34406 34482 34406 34177 33800 33278 32619 31831 30925 29911 28802 27611 26352 25039 23686 22307 20914 19522 18142 16784 15459 14176 12941 11762 10643 9587 8598 7677 6824 6039 5320 4666 4075 3542 3066 2642 2266 1935 1645 1393 1174 985 822 684 566 466 383 312 254 206 166 133 
122 153 189 234 288 352 429 521 630 757 907 1081 1283 1515 1782 2087 2433 2824 3263 3753 4298 4900 5562 6285 7071 7919 8830 9802 10833 11920 13057 14239 15459 16710 17981 19264 20546 21816 23063 24272 25432 26529 27550 28484 29319 30044 30651 31132 31480 31690 31761 31690 31480 31132 30651 30044 29319 28484 27550 26529 25432 24272 23063 21816 20546 19264 17981 16710 15459 14239 13057 11920 10833 9802 8830 7919 7071 6285 5562 4900 4298 3753 3263 2824 2433 2087 1782 1515 1283 1081 907 757 630 521 429 352 288 234 189 153 122 
112 140 174 214 264 323 394 478 577 694 831 991 1176 1390 1634 1914 2231 2589 2992 3441 3941 4493 5100 5763 6484 7262 8097 8989 9934 10930 11973 13057 14176 15323 16488 17664 18840 20005 21148 22257 23321 24326 25263 26119 26885 27550 28107 28547 28866 29059 29124 29059 28866 28547 28107 27550 26885 26119 25263 24326 23321 22257 21148 20005 18840 17664 16488 15323 14176 13057 11973 10930 9934 8989 8097 7262 6484 5763 5100 4493 3941 3441 2992 2589 2231 1914 1634 1390 1176 991 831 694 577 478 394 323 264 214 174 140 112 
102 128 158 196 241 295 359 436 527 634 759 905 1074 1269 1492 1747 2037 2364 2731 3142 3598 4102 4656 5261 5919 6629 7392 8206 9069 9978 10930 11920 12941 13988 15053 16126 17200 18263 19306 20319 21290 22208 23063 23845 24543 25151 25659 26061 26352 26529 26588 26529 26352 26061 25659 25151 24543 23845 23063 22208 21290 20319 19306 18263 17200 16126 15053 13988 12941 11920 10930 9978 9069 8206 7392 6629 5919 5261 4656 4102 3598 3142 2731 2364 2037 1747 1492 1269 1074 905 759 634 527 436 359 295 241 196 158 128 102 
93 116 144 178 219 268 327 396 479 576 690 822 976 1153 1356 1588 1851 2148 2482 2855 3270 3728 4232 4782 5379 6025 6718 7458 8242 9069 9934 10833 11762 12713 13681 14656 15632 16599 17547 18467 19349 20184 20961 21672 22307 22859 23321 23686 23951 24111 24165 24111 23951 23686 23321 22859 22307 21672 20961 20184 19349 18467 17547 16599 15632 14656 13681 12713 11762 10833 9934 9069 8242 7458 6718 6025 5379 4782 4232 3728 3270 2855 2482 2148 1851 1588 1356 1153 976 822 690 576 479 396 327 268 219 178 144 116 93 
84 105 130 161 198 242 296 359 433 521 624 744 883 1043 1227 1437 1675 1944 2246 2584 2959 3373 3829 4327 4868 5452 6079 6748 7458 8206 8989 9802 10643 11503 12379 13262 14144 15019 15877 16710 17508 18263 18966 19609 20184 20683 21101 21432 21672 21816 21865 21816 21672 21432 21101 20683 20184 19609 18966 18263 17508 16710 15877 15019 14144 13262 12379 11503 10643 9802 8989 8206 7458 6748 6079 5452 4868 4327 3829 3373 2959 2584 2246 1944 1675 1437 1227 1043 883 744 624 521 433 359 296 242 198 161 130 105 84 
76 94 117 145 178 218 266 323 390 469 562 670 795 940 1105 1294 1509 1751 2023 2327 2665 3039 3449 3898 4385 4911 5476 6079 6718 7392 8097 8830 9587 10363 11151 11946 12742 13530 14302 15053 15772 16452 17085 17664 18182 18632 19008 19306 19522 19653 19696 19653 19522 19306 19008 18632 18182 17664 17085 16452 15772 15053 14302 13530 12742 11946 11151 10363 9587 8830 8097 7392 6718 6079 5476 4911 4385 3898 3449 3039 2665 2327 2023 1751 1509 1294 1105 940 795 670 562 469 390 323 266 218 178 145 117 94 76 
68 85 105 130 160 196 239 290 350 421 504 601 713 843 991 1161 1353 1570 1814 2087 2390 2725 3093 3495 3932 4404 4911 5452 6025 6629 7262 7919 8598 9293 10001 10714 11427 12134 12827 13499 14144 14754 15323 15842 16306 16710 17047 17315 17508 17625 17664 17625 17508 17315 17047 16710 16306 15842 15323 14754 14144 13499 12827 12134 11427 10714 10001 9293 8598 7919 7262 6629 6025 5452 4911 4404 3932 3495 3093 2725 2390 2087 1814 1570 1353 1161 991 843 713 601 504 421 350 290 239 196 160 130 105 85 68 
60 75 94 116 143 175 213 259 312 376 450 537 637 752 885 1036 1208 1402 1620 1863 2134 2433 2762 3121 3511 3932 4385 4868 5379 5919 6484 7071 7677 8298 8929 9566 10203 10833 11452 12053 12629 13173 13681 14144 14559 14919 15221 15459 15632 15737 15772 15737 15632 15459 15221 14919 14559 14144 13681 13173 12629 12053 11452 10833 10203 9566 8929 8298 7677 7071 6484 5919 5379 4868 4385 3932 3511 3121 2762 2433 2134 1863 1620 1402 1208 1036 885 752 637 537 450 376 312 259 213 175 143 116 94 75 60 
54 67 83 103 127 155 189 230 278 334 400 477 566 669 786 921 1074 1246 1440 1656 1897 2163 2455 2774 3121 3495 3898 4327 4782 5261 5763 6285 6824 7376 7937 8503 9069 9630 10180 10714 11226 11710 12161 12573 12941 13262 13530 13742 13895 13988 14019 13988 13895 13742 13530 13262 12941 12573 12161 11710 11226 10714 10180 9630 9069 8503 7937 7376 6824 6285 5763 5261 4782 4327 3898 3495 3121 2774 2455 2163 1897 1656 1440 1246 1074 921 786 669 566 477 400 334 278 230 189 155 127 103 83 67 54 
47 59 74 91 112 137 167 203 246 296 354 422 501 592 696 815 950 1103 1274 1466 1679 1914 2172 2455 2762 3093 3449 3829 4232 4656 5100 5562 6039 6527 7024 7525 8026 8522 9009 9481 9934 10363 10762 11126 11452 11736 11973 12161 12296 12379 12406 12379 12296 12161 11973 11736 11452 11126 10762 10363 9934 9481 9009 8522 8026 7525 7024 6527 6039 5562 5100 4656 4232 3829 3449 3093 2762 2455 2172 1914 1679 1466 1274 1103 950 815 696 592 501 422 354 296 246 203 167 137 112 91 74 59 47 
42 52 65 80 99 121 147 179 216 260 312 372 441 521 613 718 837 971 1123 1291 1479 1686 1914 2163 2433 2725 3039 3373 3728 4102 4493 4900 5320 5750 6188 6629 7071 7508 7937 8353 8752 9130 9481 9802 10090 10340 10548 10714 10833 10906 10930 10906 10833 10714 10548 10340 10090 9802 9481 9130 8752 8353 7937 7508 7071 6629 6188 5750 5320 4900 4493 4102 3728 3373 3039 2725 2433 2163 1914 1686 1479 1291 1123 971 837 718 613 521 441 372 312 260 216 179 147 121 99 80 65 52 42 
