10201
9801782 9801802 9801821 9801840 9801858 9801876 9801893 9801910 9801927 9801943 9801959 9801974 9801989 9802005 9802019 9802032 9802045 9802059 9802072 9802085 9802096 9802108 9802119 9802130 9802140 9802150 9802160 9802169 9802179 9802186 9802194 9802202 9802209 9802216 9802222 9802229 9802235 9802239 9802245 9802249 9802254 9802257 9802260 9802263 9802266 9802268 9802270 9802270 9802272 9802272 9802272 9802272 9802272 9802270 9802270 9802268 9802266 9802263 9802260 9802257 9802254 9802249 9802245 9802239 9802235 9802229 9802222 9802216 9802209 9802202 9802194 9802186 9802179 9802169 9802160 9802150 9802140 9802130 9802119 9802108 9802096 9802085 9802072 9802059 9802045 9802032 9802019 9802005 9801989 9801974 9801959 9801943 9801927 9801910 9801893 9801876 9801858 9801840 9801821 9801802 9801782 
9801802 9801821 9801840 9801859 9801877 9801895 9801913 9801929 9801947 9801963 9801979 9801994 9802009 9802024 9802038 9802052 9802065 9802078 9802091 9802104 9802115 9802127 9802138 9802150 9802160 9802170 9802179 9802189 9802198 9802206 9802214 9802222 9802229 9802235 9802242 9802248 9802254 9802259 9802264 9802269 9802272 9802276 9802280 9802282 9802285 9802287 9802289 9802291 9802291 9802292 9802292 9802292 9802291 9802291 9802289 9802287 9802285 9802282 9802280 9802276 9802272 9802269 9802264 9802259 9802254 9802248 9802242 9802235 9802229 9802222 9802214 9802206 9802198 9802189 9802179 9802170 9802160 9802150 9802138 9802127 9802115 9802104 9802091 9802078 9802065 9802052 9802038 9802024 9802009 9801994 9801979 9801963 9801947 9801929 9801913 9801895 9801877 9801859 9801840 9801821 9801802 
9801821 9801840 9801860 9801878 9801896 9801914 9801931 9801949 9801965 9801981 9801997 9802013 9802028 9802043 9802057 9802071 9802085 9802098 9802110 9802122 9802134 9802146 9802158 9802168 9802179 9802189 9802198 9802207 9802216 9802224 9802233 9802240 9802247 9802254 9802261 9802267 9802272 9802278 9802283 9802287 9802291 9802295 9802299 9802302 9802304 9802307 9802308 9802310 9802310 9802311 9802311 9802311 9802310 9802310 9802308 9802307 9802304 9802302 9802299 9802295 9802291 9802287 9802283 9802278 9802272 9802267 9802261 9802254 9802247 9802240 9802233 9802224 9802216 9802207 9802198 9802189 9802179 9802168 9802158 9802146 9802134 9802122 9802110 9802098 9802085 9802071 9802057 9802043 9802028 9802013 9801997 9801981 9801965 9801949 9801931 9801914 9801896 9801878 9801860 9801840 9801821 
9801840 9801859 9801878 9801897 9801915 9801933 9801950 9801967 9801984 9802000 9802016 9802031 9802046 9802061 9802076 9802090 9802103 9802116 9802129 9802142 9802154 9802166 9802176 9802187 9802198 9802207 9802217 9802226 9802235 9802243 9802251 9802259 9802267 9802273 9802280 9802286 9802291 9802296 9802302 9802306 9802310 9802315 9802317 9802320 9802323 9802325 9802326 9802328 9802329 9802329 9802330 9802329 9802329 9802328 9802326 9802325 9802323 9802320 9802317 9802315 9802310 9802306 9802302 9802296 9802291 9802286 9802280 9802273 9802267 9802259 9802251 9802243 9802235 9802226 9802217 9802207 9802198 9802187 9802176 9802166 9802154 9802142 9802129 9802116 9802103 9802090 9802076 9802061 9802046 9802031 9802016 9802000 9801984 9801967 9801950 9801933 9801915 9801897 9801878 9801859 9801840 
9801858 9801877 9801896 9801915 9801933 9801951 9801968 9801985 9802002 9802019 9802034 9802050 9802065 9802080 9802093 9802108 9802121 9802134 9802147 9802160 9802171 9802183 9802194 9802205 9802215 9802225 9802235 9802245 9802254 9802262 9802270 9802278 9802284 9802291 9802298 9802304 9802310 9802315 9802320 9802324 9802328 9802332 9802336 9802339 9802341 9802343 9802345 9802347 9802347 9802348 9802348 9802348 9802347 9802347 9802345 9802343 9802341 9802339 9802336 9802332 9802328 9802324 9802320 9802315 9802310 9802304 9802298 9802291 9802284 9802278 9802270 9802262 9802254 9802245 9802235 9802225 9802215 9802205 9802194 9802183 9802171 9802160 9802147 9802134 9802121 9802108 9802093 9802080 9802065 9802050 9802034 9802019 9802002 9801985 9801968 9801951 9801933 9801915 9801896 9801877 9801858 
9801876 9801895 9801914 9801933 9801951 9801969 9801986 9802003 9802020 9802037 9802053 9802067 9802083 9802098 9802112 9802126 9802139 9802152 9802166 9802178 9802190 9802201 9802212 9802223 9802234 9802243 9802253 9802262 9802270 9802280 9802287 9802294 9802303 9802310 9802315 9802322 9802327 9802333 9802337 9802342 9802347 9802350 9802353 9802356 9802359 9802361 9802363 9802364 9802365 9802366 9802366 9802366 9802365 9802364 9802363 9802361 9802359 9802356 9802353 9802350 9802347 9802342 9802337 9802333 9802327 9802322 9802315 9802310 9802303 9802294 9802287 9802280 9802270 9802262 9802253 9802243 9802234 9802223 9802212 9802201 9802190 9802178 9802166 9802152 9802139 9802126 9802112 9802098 9802083 9802067 9802053 9802037 9802020 9802003 9801986 9801969 9801951 9801933 9801914 9801895 9801876 
9801893 9801913 9801931 9801950 9801968 9801986 9802004 9802021 9802037 9802053 9802069 9802085 9802100 9802115 9802130 9802143 9802157 9802170 9802182 9802195 9802206 9802218 9802230 9802240 9802251 9802261 9802270 9802280 9802288 9802296 9802305 9802313 9802320 9802326 9802334 9802339 9802345 9802350 9802355 9802360 9802363 9802367 9802371 9802374 9802376 9802379 9802380 9802382 9802383 9802383 9802383 9802383 9802383 9802382 9802380 9802379 9802376 9802374 9802371 9802367 9802363 9802360 9802355 9802350 9802345 9802339 9802334 9802326 9802320 9802313 9802305 9802296 9802288 9802280 9802270 9802261 9802251 9802240 9802230 9802218 9802206 9802195 9802182 9802170 9802157 9802143 9802130 9802115 9802100 9802085 9802069 9802053 9802037 9802021 9802004 9801986 9801968 9801950 9801931 9801913 9801893 
9801910 9801929 9801949 9801967 9801985 9802003 9802021 9802037 9802054 9802071 9802087 9802102 9802118 9802132 9802146 9802160 9802174 9802187 9802200 9802212 9802224 9802235 9802246 9802258 9802268 9802278 9802287 9802296 9802305 9802315 9802322 9802329 9802337 9802344 9802350 9802356 9802362 9802367 9802371 9802377 9802381 9802384 9802387 9802391 9802394 9802395 9802397 9802399 9802399 9802400 9802401 9802400 9802399 9802399 9802397 9802395 9802394 9802391 9802387 9802384 9802381 9802377 9802371 9802367 9802362 9802356 9802350 9802344 9802337 9802329 9802322 9802315 9802305 9802296 9802287 9802278 9802268 9802258 9802246 9802235 9802224 9802212 9802200 9802187 9802174 9802160 9802146 9802132 9802118 9802102 9802087 9802071 9802054 9802037 9802021 9802003 9801985 9801967 9801949 9801929 9801910 
9801927 9801947 9801965 9801984 9802002 9802020 9802037 9802054 9802071 9802088 9802103 9802119 9802134 9802149 9802163 9802177 9802190 9802203 9802216 9802229 9802240 9802252 9802263 9802275 9802284 9802294 9802304 9802314 9802323 9802331 9802339 9802347 9802353 9802360 9802367 9802373 9802379 9802383 9802389 9802394 9802398 9802401 9802405 9802407 9802410 9802412 9802414 9802415 9802417 9802417 9802417 9802417 9802417 9802415 9802414 9802412 9802410 9802407 9802405 9802401 9802398 9802394 9802389 9802383 9802379 9802373 9802367 9802360 9802353 9802347 9802339 9802331 9802323 9802314 9802304 9802294 9802284 9802275 9802263 9802252 9802240 9802229 9802216 9802203 9802190 9802177 9802163 9802149 9802134 9802119 9802103 9802088 9802071 9802054 9802037 9802020 9802002 9801984 9801965 9801947 9801927 
9801943 9801963 9801981 9802000 9802019 9802037 9802053 9802071 9802088 9802104 9802120 9802135 9802150 9802166 9802179 9802193 9802206 9802220 9802232 9802246 9802257 9802269 9802280 9802291 9802301 9802310 9802321 9802329 9802339 9802347 9802355 9802363 9802370 9802377 9802383 9802389 9802395 9802400 9802406 9802409 9802414 9802417 9802420 9802424 9802427 9802428 9802430 9802431 9802433 9802433 9802433 9802433 9802433 9802431 9802430 9802428 9802427 9802424 9802420 9802417 9802414 9802409 9802406 9802400 9802395 9802389 9802383 9802377 9802370 9802363 9802355 9802347 9802339 9802329 9802321 9802310 9802301 9802291 9802280 9802269 9802257 9802246 9802232 9802220 9802206 9802193 9802179 9802166 9802150 9802135 9802120 9802104 9802088 9802071 9802053 9802037 9802019 9802000 9801981 9801963 9801943 
9801959 9801979 9801997 9802016 9802034 9802053 9802069 9802087 9802103 9802120 9802135 9802151 9802166 9802181 9802195 9802209 9802222 9802235 9802248 9802261 9802272 9802284 9802295 9802307 9802316 9802326 9802337 9802346 9802355 9802363 9802371 9802379 9802385 9802393 9802399 9802406 9802411 9802416 9802421 9802426 9802430 9802433 9802437 9802440 9802442 9802444 9802446 9802447 9802449 9802449 9802449 9802449 9802449 9802447 9802446 9802444 9802442 9802440 9802437 9802433 9802430 9802426 9802421 9802416 9802411 9802406 9802399 9802393 9802385 9802379 9802371 9802363 9802355 9802346 9802337 9802326 9802316 9802307 9802295 9802284 9802272 9802261 9802248 9802235 9802222 9802209 9802195 9802181 9802166 9802151 9802135 9802120 9802103 9802087 9802069 9802053 9802034 9802016 9801997 9801979 9801959 
9801974 9801994 9802013 9802031 9802050 9802067 9802085 9802102 9802119 9802135 9802151 9802166 9802182 9802196 9802211 9802224 9802238 9802251 9802264 9802276 9802288 9802299 9802311 9802322 9802332 9802342 9802351 9802361 9802370 9802379 9802386 9802394 9802401 9802408 9802415 9802420 9802427 9802431 9802436 9802441 9802445 9802449 9802451 9802455 9802458 9802459 9802462 9802463 9802463 9802464 9802465 9802464 9802463 9802463 9802462 9802459 9802458 9802455 9802451 9802449 9802445 9802441 9802436 9802431 9802427 9802420 9802415 9802408 9802401 9802394 9802386 9802379 9802370 9802361 9802351 9802342 9802332 9802322 9802311 9802299 9802288 9802276 9802264 9802251 9802238 9802224 9802211 9802196 9802182 9802166 9802151 9802135 9802119 9802102 9802085 9802067 9802050 9802031 9802013 9801994 9801974 
9801989 9802009 9802028 9802046 9802065 9802083 9802100 9802118 9802134 9802150 9802166 9802182 9802197 9802211 9802226 9802239 9802254 9802267 9802279 9802291 9802303 9802315 9802326 9802337 9802347 9802358 9802367 9802376 9802385 9802394 9802401 9802409 9802417 9802423 9802430 9802435 9802441 9802447 9802451 9802456 9802460 9802463 9802467 9802470 9802473 9802475 9802476 9802478 9802479 9802479 9802479 9802479 9802479 9802478 9802476 9802475 9802473 9802470 9802467 9802463 9802460 9802456 9802451 9802447 9802441 9802435 9802430 9802423 9802417 9802409 9802401 9802394 9802385 9802376 9802367 9802358 9802347 9802337 9802326 9802315 9802303 9802291 9802279 9802267 9802254 9802239 9802226 9802211 9802197 9802182 9802166 9802150 9802134 9802118 9802100 9802083 9802065 9802046 9802028 9802009 9801989 
9802005 9802024 9802043 9802061 9802080 9802098 9802115 9802132 9802149 9802166 9802181 9802196 9802211 9802226 9802240 9802254 9802268 9802280 9802294 9802306 9802318 9802329 9802341 9802351 9802362 9802371 9802382 9802391 9802399 9802408 9802416 9802424 9802431 9802438 9802444 9802451 9802456 9802462 9802466 9802471 9802475 9802478 9802482 9802485 9802487 9802489 9802491 9802493 9802494 9802494 9802495 9802494 9802494 9802493 9802491 9802489 9802487 9802485 9802482 9802478 9802475 9802471 9802466 9802462 9802456 9802451 9802444 9802438 9802431 9802424 9802416 9802408 9802399 9802391 9802382 9802371 9802362 9802351 9802341 9802329 9802318 9802306 9802294 9802280 9802268 9802254 9802240 9802226 9802211 9802196 9802181 9802166 9802149 9802132 9802115 9802098 9802080 9802061 9802043 9802024 9802005 
9802019 9802038 9802057 9802076 9802093 9802112 9802130 9802146 9802163 9802179 9802195 9802211 9802226 9802240 9802254 9802269 9802282 9802295 9802308 9802321 9802332 9802344 9802355 9802366 9802376 9802386 9802395 9802406 9802414 9802422 9802430 9802438 9802445 9802451 9802459 9802465 9802470 9802475 9802481 9802485 9802489 9802493 9802497 9802499 9802502 9802504 9802506 9802508 9802508 9802508 9802508 9802508 9802508 9802508 9802506 9802504 9802502 9802499 9802497 9802493 9802489 9802485 9802481 9802475 9802470 9802465 9802459 9802451 9802445 9802438 9802430 9802422 9802414 9802406 9802395 9802386 9802376 9802366 9802355 9802344 9802332 9802321 9802308 9802295 9802282 9802269 9802254 9802240 9802226 9802211 9802195 9802179 9802163 9802146 9802130 9802112 9802093 9802076 9802057 9802038 9802019 
9802032 9802052 9802071 9802090 9802108 9802126 9802143 9802160 9802177 9802193 9802209 9802224 9802239 9802254 9802269 9802282 9802296 9802310 9802322 9802335 9802347 9802358 9802369 9802379 9802390 9802400 9802410 9802419 9802428 9802436 9802444 9802451 9802459 9802466 9802473 9802478 9802484 9802489 9802495 9802499 9802503 9802508 9802510 9802513 9802516 9802518 9802519 9802521 9802522 9802523 9802523 9802523 9802522 9802521 9802519 9802518 9802516 9802513 9802510 9802508 9802503 9802499 9802495 9802489 9802484 9802478 9802473 9802466 9802459 9802451 9802444 9802436 9802428 9802419 9802410 9802400 9802390 9802379 9802369 9802358 9802347 9802335 9802322 9802310 9802296 9802282 9802269 9802254 9802239 9802224 9802209 9802193 9802177 9802160 9802143 9802126 9802108 9802090 9802071 9802052 9802032 
9802045 9802065 9802085 9802103 9802121 9802139 9802157 9802174 9802190 9802206 9802222 9802238 9802254 9802268 9802282 9802296 9802310 9802323 9802336 9802348 9802360 9802371 9802383 9802394 9802403 9802414 9802423 9802433 9802441 9802450 9802458 9802465 9802473 9802479 9802486 9802492 9802497 9802503 9802508 9802513 9802517 9802520 9802524 9802527 9802529 9802531 9802533 9802534 9802535 9802536 9802536 9802536 9802535 9802534 9802533 9802531 9802529 9802527 9802524 9802520 9802517 9802513 9802508 9802503 9802497 9802492 9802486 9802479 9802473 9802465 9802458 9802450 9802441 9802433 9802423 9802414 9802403 9802394 9802383 9802371 9802360 9802348 9802336 9802323 9802310 9802296 9802282 9802268 9802254 9802238 9802222 9802206 9802190 9802174 9802157 9802139 9802121 9802103 9802085 9802065 9802045 
9802059 9802078 9802098 9802116 9802134 9802152 9802170 9802187 9802203 9802220 9802235 9802251 9802267 9802280 9802295 9802310 9802323 9802336 9802349 9802361 9802373 9802384 9802395 9802406 9802417 9802427 9802436 9802446 9802454 9802463 9802471 9802478 9802486 9802493 9802499 9802505 9802511 9802516 9802521 9802526 9802530 9802533 9802537 9802540 9802542 9802544 9802546 9802548 9802548 9802549 9802550 9802549 9802548 9802548 9802546 9802544 9802542 9802540 9802537 9802533 9802530 9802526 9802521 9802516 9802511 9802505 9802499 9802493 9802486 9802478 9802471 9802463 9802454 9802446 9802436 9802427 9802417 9802406 9802395 9802384 9802373 9802361 9802349 9802336 9802323 9802310 9802295 9802280 9802267 9802251 9802235 9802220 9802203 9802187 9802170 9802152 9802134 9802116 9802098 9802078 9802059 
9802072 9802091 9802110 9802129 9802147 9802166 9802182 9802200 9802216 9802232 9802248 9802264 9802279 9802294 9802308 9802322 9802336 9802349 9802361 9802374 9802385 9802397 9802408 9802419 9802430 9802440 9802449 9802459 9802467 9802475 9802483 9802491 9802499 9802505 9802512 9802518 9802524 9802529 9802534 9802539 9802542 9802546 9802550 9802553 9802555 9802557 9802559 9802560 9802561 9802562 9802562 9802562 9802561 9802560 9802559 9802557 9802555 9802553 9802550 9802546 9802542 9802539 9802534 9802529 9802524 9802518 9802512 9802505 9802499 9802491 9802483 9802475 9802467 9802459 9802449 9802440 9802430 9802419 9802408 9802397 9802385 9802374 9802361 9802349 9802336 9802322 9802308 9802294 9802279 9802264 9802248 9802232 9802216 9802200 9802182 9802166 9802147 9802129 9802110 9802091 9802072 
9802085 9802104 9802122 9802142 9802160 9802178 9802195 9802212 9802229 9802246 9802261 9802276 9802291 9802306 9802321 9802335 9802348 9802361 9802374 9802386 9802398 9802409 9802420 9802431 9802442 9802451 9802462 9802471 9802479 9802488 9802496 9802503 9802511 9802518 9802524 9802531 9802536 9802542 9802546 9802551 9802555 9802558 9802562 9802565 9802567 9802569 9802572 9802573 9802574 9802574 9802575 9802574 9802574 9802573 9802572 9802569 9802567 9802565 9802562 9802558 9802555 9802551 9802546 9802542 9802536 9802531 9802524 9802518 9802511 9802503 9802496 9802488 9802479 9802471 9802462 9802451 9802442 9802431 9802420 9802409 9802398 9802386 9802374 9802361 9802348 9802335 9802321 9802306 9802291 9802276 9802261 9802246 9802229 9802212 9802195 9802178 9802160 9802142 9802122 9802104 9802085 
9802096 9802115 9802134 9802154 9802171 9802190 9802206 9802224 9802240 9802257 9802272 9802288 9802303 9802318 9802332 9802347 9802360 9802373 9802385 9802398 9802410 9802422 9802433 9802443 9802454 9802463 9802474 9802483 9802491 9802499 9802508 9802516 9802523 9802530 9802536 9802542 9802548 9802553 9802558 9802563 9802566 9802571 9802574 9802577 9802580 9802582 9802584 9802585 9802586 9802587 9802587 9802587 9802586 9802585 9802584 9802582 9802580 9802577 9802574 9802571 9802566 9802563 9802558 9802553 9802548 9802542 9802536 9802530 9802523 9802516 9802508 9802499 9802491 9802483 9802474 9802463 9802454 9802443 9802433 9802422 9802410 9802398 9802385 9802373 9802360 9802347 9802332 9802318 9802303 9802288 9802272 9802257 9802240 9802224 9802206 9802190 9802171 9802154 9802134 9802115 9802096 
9802108 9802127 9802146 9802166 9802183 9802201 9802218 9802235 9802252 9802269 9802284 9802299 9802315 9802329 9802344 9802358 9802371 9802384 9802397 9802409 9802422 9802433 9802444 9802455 9802465 9802475 9802485 9802494 9802503 9802511 9802519 9802528 9802534 9802542 9802548 9802553 9802559 9802565 9802569 9802574 9802578 9802582 9802585 9802588 9802591 9802593 9802595 9802596 9802597 9802598 9802598 9802598 9802597 9802596 9802595 9802593 9802591 9802588 9802585 9802582 9802578 9802574 9802569 9802565 9802559 9802553 9802548 9802542 9802534 9802528 9802519 9802511 9802503 9802494 9802485 9802475 9802465 9802455 9802444 9802433 9802422 9802409 9802397 9802384 9802371 9802358 9802344 9802329 9802315 9802299 9802284 9802269 9802252 9802235 9802218 9802201 9802183 9802166 9802146 9802127 9802108 
9802119 9802138 9802158 9802176 9802194 9802212 9802230 9802246 9802263 9802280 9802295 9802311 9802326 9802341 9802355 9802369 9802383 9802395 9802408 9802420 9802433 9802444 9802455 9802466 9802476 9802486 9802497 9802505 9802515 9802523 9802531 9802539 9802545 9802553 9802559 9802565 9802571 9802576 9802581 9802585 9802589 9802593 9802596 9802599 9802602 9802604 9802606 9802608 9802609 9802609 9802609 9802609 9802609 9802608 9802606 9802604 9802602 9802599 9802596 9802593 9802589 9802585 9802581 9802576 9802571 9802565 9802559 9802553 9802545 9802539 9802531 9802523 9802515 9802505 9802497 9802486 9802476 9802466 9802455 9802444 9802433 9802420 9802408 9802395 9802383 9802369 9802355 9802341 9802326 9802311 9802295 9802280 9802263 9802246 9802230 9802212 9802194 9802176 9802158 9802138 9802119 
9802130 9802150 9802168 9802187 9802205 9802223 9802240 9802258 9802275 9802291 9802307 9802322 9802337 9802351 9802366 9802379 9802394 9802406 9802419 9802431 9802443 9802455 9802466 9802477 9802487 9802497 9802508 9802516 9802525 9802533 9802542 9802549 9802556 9802564 9802569 9802576 9802582 9802588 9802591 9802596 9802600 9802604 9802608 9802610 9802612 9802615 9802617 9802618 9802620 9802620 9802620 9802620 9802620 9802618 9802617 9802615 9802612 9802610 9802608 9802604 9802600 9802596 9802591 9802588 9802582 9802576 9802569 9802564 9802556 9802549 9802542 9802533 9802525 9802516 9802508 9802497 9802487 9802477 9802466 9802455 9802443 9802431 9802419 9802406 9802394 9802379 9802366 9802351 9802337 9802322 9802307 9802291 9802275 9802258 9802240 9802223 9802205 9802187 9802168 9802150 9802130 
9802140 9802160 9802179 9802198 9802215 9802234 9802251 9802268 9802284 9802301 9802316 9802332 9802347 9802362 9802376 9802390 9802403 9802417 9802430 9802442 9802454 9802465 9802476 9802487 9802497 9802508 9802518 9802527 9802535 9802543 9802552 9802559 9802566 9802574 9802580 9802587 9802591 9802597 9802602 9802607 9802611 9802614 9802618 9802621 9802623 9802625 9802628 9802628 9802630 9802630 9802630 9802630 9802630 9802628 9802628 9802625 9802623 9802621 9802618 9802614 9802611 9802607 9802602 9802597 9802591 9802587 9802580 9802574 9802566 9802559 9802552 9802543 9802535 9802527 9802518 9802508 9802497 9802487 9802476 9802465 9802454 9802442 9802430 9802417 9802403 9802390 9802376 9802362 9802347 9802332 9802316 9802301 9802284 9802268 9802251 9802234 9802215 9802198 9802179 9802160 9802140 
9802150 9802170 9802189 9802207 9802225 9802243 9802261 9802278 9802294 9802310 9802326 9802342 9802358 9802371 9802386 9802400 9802414 9802427 9802440 9802451 9802463 9802475 9802486 9802497 9802508 9802518 9802528 9802537 9802545 9802553 9802562 9802569 9802577 9802584 9802590 9802596 9802602 9802608 9802612 9802617 9802621 9802624 9802628 9802631 9802633 9802636 9802637 9802638 9802640 9802640 9802640 9802640 9802640 9802638 9802637 9802636 9802633 9802631 9802628 9802624 9802621 9802617 9802612 9802608 9802602 9802596 9802590 9802584 9802577 9802569 9802562 9802553 9802545 9802537 9802528 9802518 9802508 9802497 9802486 9802475 9802463 9802451 9802440 9802427 9802414 9802400 9802386 9802371 9802358 9802342 9802326 9802310 9802294 9802278 9802261 9802243 9802225 9802207 9802189 9802170 9802150 
9802160 9802179 9802198 9802217 9802235 9802253 9802270 9802287 9802304 9802321 9802337 9802351 9802367 9802382 9802395 9802410 9802423 9802436 9802449 9802462 9802474 9802485 9802497 9802508 9802518 9802528 9802537 9802546 9802555 9802564 9802572 9802580 9802587 9802593 9802599 9802606 9802612 9802617 9802622 9802626 9802630 9802634 9802637 9802640 9802644 9802644 9802646 9802648 9802649 9802649 9802650 9802649 9802649 9802648 9802646 9802644 9802644 9802640 9802637 9802634 9802630 9802626 9802622 9802617 9802612 9802606 9802599 9802593 9802587 9802580 9802572 9802564 9802555 9802546 9802537 9802528 9802518 9802508 9802497 9802485 9802474 9802462 9802449 9802436 9802423 9802410 9802395 9802382 9802367 9802351 9802337 9802321 9802304 9802287 9802270 9802253 9802235 9802217 9802198 9802179 9802160 
9802169 9802189 9802207 9802226 9802245 9802262 9802280 9802296 9802314 9802329 9802346 9802361 9802376 9802391 9802406 9802419 9802433 9802446 9802459 9802471 9802483 9802494 9802505 9802516 9802527 9802537 9802546 9802556 9802564 9802573 9802580 9802588 9802596 9802603 9802609 9802615 9802621 9802626 9802631 9802636 9802640 9802644 9802646 9802649 9802652 9802654 9802656 9802657 9802658 9802659 9802659 9802659 9802658 9802657 9802656 9802654 9802652 9802649 9802646 9802644 9802640 9802636 9802631 9802626 9802621 9802615 9802609 9802603 9802596 9802588 9802580 9802573 9802564 9802556 9802546 9802537 9802527 9802516 9802505 9802494 9802483 9802471 9802459 9802446 9802433 9802419 9802406 9802391 9802376 9802361 9802346 9802329 9802314 9802296 9802280 9802262 9802245 9802226 9802207 9802189 9802169 
9802179 9802198 9802216 9802235 9802254 9802270 9802288 9802305 9802323 9802339 9802355 9802370 9802385 9802399 9802414 9802428 9802441 9802454 9802467 9802479 9802491 9802503 9802515 9802525 9802535 9802545 9802555 9802564 9802573 9802582 9802589 9802597 9802604 9802612 9802618 9802623 9802630 9802635 9802640 9802644 9802648 9802652 9802656 9802658 9802661 9802663 9802665 9802667 9802667 9802668 9802668 9802668 9802667 9802667 9802665 9802663 9802661 9802658 9802656 9802652 9802648 9802644 9802640 9802635 9802630 9802623 9802618 9802612 9802604 9802597 9802589 9802582 9802573 9802564 9802555 9802545 9802535 9802525 9802515 9802503 9802491 9802479 9802467 9802454 9802441 9802428 9802414 9802399 9802385 9802370 9802355 9802339 9802323 9802305 9802288 9802270 9802254 9802235 9802216 9802198 9802179 
9802186 9802206 9802224 9802243 9802262 9802280 9802296 9802315 9802331 9802347 9802363 9802379 9802394 9802408 9802422 9802436 9802450 9802463 9802475 9802488 9802499 9802511 9802523 9802533 9802543 9802553 9802564 9802573 9802582 9802590 9802598 9802606 9802612 9802620 9802626 9802633 9802638 9802644 9802648 9802652 9802656 9802660 9802664 9802667 9802669 9802672 9802673 9802675 9802676 9802676 9802676 9802676 9802676 9802675 9802673 9802672 9802669 9802667 9802664 9802660 9802656 9802652 9802648 9802644 9802638 9802633 9802626 9802620 9802612 9802606 9802598 9802590 9802582 9802573 9802564 9802553 9802543 9802533 9802523 9802511 9802499 9802488 9802475 9802463 9802450 9802436 9802422 9802408 9802394 9802379 9802363 9802347 9802331 9802315 9802296 9802280 9802262 9802243 9802224 9802206 9802186 
9802194 9802214 9802233 9802251 9802270 9802287 9802305 9802322 9802339 9802355 9802371 9802386 9802401 9802416 9802430 9802444 9802458 9802471 9802483 9802496 9802508 9802519 9802531 9802542 9802552 9802562 9802572 9802580 9802589 9802598 9802606 9802614 9802621 9802628 9802634 9802640 9802646 9802652 9802656 9802660 9802665 9802668 9802672 9802675 9802678 9802679 9802681 9802683 9802684 9802684 9802684 9802684 9802684 9802683 9802681 9802679 9802678 9802675 9802672 9802668 9802665 9802660 9802656 9802652 9802646 9802640 9802634 9802628 9802621 9802614 9802606 9802598 9802589 9802580 9802572 9802562 9802552 9802542 9802531 9802519 9802508 9802496 9802483 9802471 9802458 9802444 9802430 9802416 9802401 9802386 9802371 9802355 9802339 9802322 9802305 9802287 9802270 9802251 9802233 9802214 9802194 
9802202 9802222 9802240 9802259 9802278 9802294 9802313 9802329 9802347 9802363 9802379 9802394 9802409 9802424 9802438 9802451 9802465 9802478 9802491 9802503 9802516 9802528 9802539 9802549 9802559 9802569 9802580 9802588 9802597 9802606 9802614 9802622 9802628 9802636 9802642 9802648 9802654 9802659 9802664 9802668 9802672 9802676 9802679 9802682 9802685 9802687 9802689 9802690 9802692 9802692 9802692 9802692 9802692 9802690 9802689 9802687 9802685 9802682 9802679 9802676 9802672 9802668 9802664 9802659 9802654 9802648 9802642 9802636 9802628 9802622 9802614 9802606 9802597 9802588 9802580 9802569 9802559 9802549 9802539 9802528 9802516 9802503 9802491 9802478 9802465 9802451 9802438 9802424 9802409 9802394 9802379 9802363 9802347 9802329 9802313 9802294 9802278 9802259 9802240 9802222 9802202 
9802209 9802229 9802247 9802267 9802284 9802303 9802320 9802337 9802353 9802370 9802385 9802401 9802417 9802431 9802445 9802459 9802473 9802486 9802499 9802511 9802523 9802534 9802545 9802556 9802566 9802577 9802587 9802596 9802604 9802612 9802621 9802628 9802636 9802643 9802649 9802656 9802661 9802667 9802671 9802676 9802680 9802684 9802687 9802689 9802692 9802694 9802696 9802697 9802699 9802700 9802700 9802700 9802699 9802697 9802696 9802694 9802692 9802689 9802687 9802684 9802680 9802676 9802671 9802667 9802661 9802656 9802649 9802643 9802636 9802628 9802621 9802612 9802604 9802596 9802587 9802577 9802566 9802556 9802545 9802534 9802523 9802511 9802499 9802486 9802473 9802459 9802445 9802431 9802417 9802401 9802385 9802370 9802353 9802337 9802320 9802303 9802284 9802267 9802247 9802229 9802209 
9802216 9802235 9802254 9802273 9802291 9802310 9802326 9802344 9802360 9802377 9802393 9802408 9802423 9802438 9802451 9802466 9802479 9802493 9802505 9802518 9802530 9802542 9802553 9802564 9802574 9802584 9802593 9802603 9802612 9802620 9802628 9802636 9802643 9802649 9802656 9802662 9802668 9802673 9802678 9802682 9802686 9802690 9802694 9802697 9802700 9802701 9802703 9802704 9802705 9802706 9802706 9802706 9802705 9802704 9802703 9802701 9802700 9802697 9802694 9802690 9802686 9802682 9802678 9802673 9802668 9802662 9802656 9802649 9802643 9802636 9802628 9802620 9802612 9802603 9802593 9802584 9802574 9802564 9802553 9802542 9802530 9802518 9802505 9802493 9802479 9802466 9802451 9802438 9802423 9802408 9802393 9802377 9802360 9802344 9802326 9802310 9802291 9802273 9802254 9802235 9802216 
9802222 9802242 9802261 9802280 9802298 9802315 9802334 9802350 9802367 9802383 9802399 9802415 9802430 9802444 9802459 9802473 9802486 9802499 9802512 9802524 9802536 9802548 9802559 9802569 9802580 9802590 9802599 9802609 9802618 9802626 9802634 9802642 9802649 9802656 9802662 9802668 9802674 9802679 9802684 9802689 9802693 9802697 9802700 9802703 9802705 9802708 9802710 9802711 9802713 9802713 9802713 9802713 9802713 9802711 9802710 9802708 9802705 9802703 9802700 9802697 9802693 9802689 9802684 9802679 9802674 9802668 9802662 9802656 9802649 9802642 9802634 9802626 9802618 9802609 9802599 9802590 9802580 9802569 9802559 9802548 9802536 9802524 9802512 9802499 9802486 9802473 9802459 9802444 9802430 9802415 9802399 9802383 9802367 9802350 9802334 9802315 9802298 9802280 9802261 9802242 9802222 
9802229 9802248 9802267 9802286 9802304 9802322 9802339 9802356 9802373 9802389 9802406 9802420 9802435 9802451 9802465 9802478 9802492 9802505 9802518 9802531 9802542 9802553 9802565 9802576 9802587 9802596 9802606 9802615 9802623 9802633 9802640 9802648 9802656 9802662 9802668 9802675 9802680 9802686 9802690 9802695 9802700 9802702 9802706 9802709 9802712 9802713 9802716 9802716 9802718 9802719 9802719 9802719 9802718 9802716 9802716 9802713 9802712 9802709 9802706 9802702 9802700 9802695 9802690 9802686 9802680 9802675 9802668 9802662 9802656 9802648 9802640 9802633 9802623 9802615 9802606 9802596 9802587 9802576 9802565 9802553 9802542 9802531 9802518 9802505 9802492 9802478 9802465 9802451 9802435 9802420 9802406 9802389 9802373 9802356 9802339 9802322 9802304 9802286 9802267 9802248 9802229 
9802235 9802254 9802272 9802291 9802310 9802327 9802345 9802362 9802379 9802395 9802411 9802427 9802441 9802456 9802470 9802484 9802497 9802511 9802524 9802536 9802548 9802559 9802571 9802582 9802591 9802602 9802612 9802621 9802630 9802638 9802646 9802654 9802661 9802668 9802674 9802680 9802686 9802692 9802696 9802701 9802705 9802708 9802713 9802715 9802717 9802720 9802721 9802723 9802724 9802724 9802724 9802724 9802724 9802723 9802721 9802720 9802717 9802715 9802713 9802708 9802705 9802701 9802696 9802692 9802686 9802680 9802674 9802668 9802661 9802654 9802646 9802638 9802630 9802621 9802612 9802602 9802591 9802582 9802571 9802559 9802548 9802536 9802524 9802511 9802497 9802484 9802470 9802456 9802441 9802427 9802411 9802395 9802379 9802362 9802345 9802327 9802310 9802291 9802272 9802254 9802235 
9802239 9802259 9802278 9802296 9802315 9802333 9802350 9802367 9802383 9802400 9802416 9802431 9802447 9802462 9802475 9802489 9802503 9802516 9802529 9802542 9802553 9802565 9802576 9802588 9802597 9802608 9802617 9802626 9802635 9802644 9802652 9802659 9802667 9802673 9802679 9802686 9802692 9802697 9802701 9802706 9802711 9802713 9802717 9802720 9802723 9802724 9802727 9802728 9802729 9802729 9802729 9802729 9802729 9802728 9802727 9802724 9802723 9802720 9802717 9802713 9802711 9802706 9802701 9802697 9802692 9802686 9802679 9802673 9802667 9802659 9802652 9802644 9802635 9802626 9802617 9802608 9802597 9802588 9802576 9802565 9802553 9802542 9802529 9802516 9802503 9802489 9802475 9802462 9802447 9802431 9802416 9802400 9802383 9802367 9802350 9802333 9802315 9802296 9802278 9802259 9802239 
9802245 9802264 9802283 9802302 9802320 9802337 9802355 9802371 9802389 9802406 9802421 9802436 9802451 9802466 9802481 9802495 9802508 9802521 9802534 9802546 9802558 9802569 9802581 9802591 9802602 9802612 9802622 9802631 9802640 9802648 9802656 9802664 9802671 9802678 9802684 9802690 9802696 9802701 9802706 9802711 9802715 9802719 9802722 9802724 9802728 9802729 9802732 9802733 9802734 9802735 9802735 9802735 9802734 9802733 9802732 9802729 9802728 9802724 9802722 9802719 9802715 9802711 9802706 9802701 9802696 9802690 9802684 9802678 9802671 9802664 9802656 9802648 9802640 9802631 9802622 9802612 9802602 9802591 9802581 9802569 9802558 9802546 9802534 9802521 9802508 9802495 9802481 9802466 9802451 9802436 9802421 9802406 9802389 9802371 9802355 9802337 9802320 9802302 9802283 9802264 9802245 
9802249 9802269 9802287 9802306 9802324 9802342 9802360 9802377 9802394 9802409 9802426 9802441 9802456 9802471 9802485 9802499 9802513 9802526 9802539 9802551 9802563 9802574 9802585 9802596 9802607 9802617 9802626 9802636 9802644 9802652 9802660 9802668 9802676 9802682 9802689 9802695 9802701 9802706 9802711 9802716 9802720 9802724 9802727 9802729 9802732 9802735 9802736 9802737 9802738 9802739 9802739 9802739 9802738 9802737 9802736 9802735 9802732 9802729 9802727 9802724 9802720 9802716 9802711 9802706 9802701 9802695 9802689 9802682 9802676 9802668 9802660 9802652 9802644 9802636 9802626 9802617 9802607 9802596 9802585 9802574 9802563 9802551 9802539 9802526 9802513 9802499 9802485 9802471 9802456 9802441 9802426 9802409 9802394 9802377 9802360 9802342 9802324 9802306 9802287 9802269 9802249 
9802254 9802272 9802291 9802310 9802328 9802347 9802363 9802381 9802398 9802414 9802430 9802445 9802460 9802475 9802489 9802503 9802517 9802530 9802542 9802555 9802566 9802578 9802589 9802600 9802611 9802621 9802630 9802640 9802648 9802656 9802665 9802672 9802680 9802686 9802693 9802700 9802705 9802711 9802715 9802720 9802724 9802727 9802731 9802734 9802736 9802738 9802740 9802741 9802743 9802743 9802743 9802743 9802743 9802741 9802740 9802738 9802736 9802734 9802731 9802727 9802724 9802720 9802715 9802711 9802705 9802700 9802693 9802686 9802680 9802672 9802665 9802656 9802648 9802640 9802630 9802621 9802611 9802600 9802589 9802578 9802566 9802555 9802542 9802530 9802517 9802503 9802489 9802475 9802460 9802445 9802430 9802414 9802398 9802381 9802363 9802347 9802328 9802310 9802291 9802272 9802254 
9802257 9802276 9802295 9802315 9802332 9802350 9802367 9802384 9802401 9802417 9802433 9802449 9802463 9802478 9802493 9802508 9802520 9802533 9802546 9802558 9802571 9802582 9802593 9802604 9802614 9802624 9802634 9802644 9802652 9802660 9802668 9802676 9802684 9802690 9802697 9802702 9802708 9802713 9802719 9802724 9802727 9802732 9802735 9802737 9802740 9802742 9802744 9802745 9802746 9802746 9802747 9802746 9802746 9802745 9802744 9802742 9802740 9802737 9802735 9802732 9802727 9802724 9802719 9802713 9802708 9802702 9802697 9802690 9802684 9802676 9802668 9802660 9802652 9802644 9802634 9802624 9802614 9802604 9802593 9802582 9802571 9802558 9802546 9802533 9802520 9802508 9802493 9802478 9802463 9802449 9802433 9802417 9802401 9802384 9802367 9802350 9802332 9802315 9802295 9802276 9802257 
9802260 9802280 9802299 9802317 9802336 9802353 9802371 9802387 9802405 9802420 9802437 9802451 9802467 9802482 9802497 9802510 9802524 9802537 9802550 9802562 9802574 9802585 9802596 9802608 9802618 9802628 9802637 9802646 9802656 9802664 9802672 9802679 9802687 9802694 9802700 9802706 9802713 9802717 9802722 9802727 9802731 9802735 9802737 9802740 9802743 9802745 9802747 9802748 9802749 9802750 9802751 9802750 9802749 9802748 9802747 9802745 9802743 9802740 9802737 9802735 9802731 9802727 9802722 9802717 9802713 9802706 9802700 9802694 9802687 9802679 9802672 9802664 9802656 9802646 9802637 9802628 9802618 9802608 9802596 9802585 9802574 9802562 9802550 9802537 9802524 9802510 9802497 9802482 9802467 9802451 9802437 9802420 9802405 9802387 9802371 9802353 9802336 9802317 9802299 9802280 9802260 
9802263 9802282 9802302 9802320 9802339 9802356 9802374 9802391 9802407 9802424 9802440 9802455 9802470 9802485 9802499 9802513 9802527 9802540 9802553 9802565 9802577 9802588 9802599 9802610 9802621 9802631 9802640 9802649 9802658 9802667 9802675 9802682 9802689 9802697 9802703 9802709 9802715 9802720 9802724 9802729 9802734 9802737 9802740 9802744 9802746 9802748 9802750 9802752 9802752 9802753 9802753 9802753 9802752 9802752 9802750 9802748 9802746 9802744 9802740 9802737 9802734 9802729 9802724 9802720 9802715 9802709 9802703 9802697 9802689 9802682 9802675 9802667 9802658 9802649 9802640 9802631 9802621 9802610 9802599 9802588 9802577 9802565 9802553 9802540 9802527 9802513 9802499 9802485 9802470 9802455 9802440 9802424 9802407 9802391 9802374 9802356 9802339 9802320 9802302 9802282 9802263 
9802266 9802285 9802304 9802323 9802341 9802359 9802376 9802394 9802410 9802427 9802442 9802458 9802473 9802487 9802502 9802516 9802529 9802542 9802555 9802567 9802580 9802591 9802602 9802612 9802623 9802633 9802644 9802652 9802661 9802669 9802678 9802685 9802692 9802700 9802705 9802712 9802717 9802723 9802728 9802732 9802736 9802740 9802743 9802746 9802748 9802751 9802753 9802754 9802756 9802756 9802756 9802756 9802756 9802754 9802753 9802751 9802748 9802746 9802743 9802740 9802736 9802732 9802728 9802723 9802717 9802712 9802705 9802700 9802692 9802685 9802678 9802669 9802661 9802652 9802644 9802633 9802623 9802612 9802602 9802591 9802580 9802567 9802555 9802542 9802529 9802516 9802502 9802487 9802473 9802458 9802442 9802427 9802410 9802394 9802376 9802359 9802341 9802323 9802304 9802285 9802266 
9802268 9802287 9802307 9802325 9802343 9802361 9802379 9802395 9802412 9802428 9802444 9802459 9802475 9802489 9802504 9802518 9802531 9802544 9802557 9802569 9802582 9802593 9802604 9802615 9802625 9802636 9802644 9802654 9802663 9802672 9802679 9802687 9802694 9802701 9802708 9802713 9802720 9802724 9802729 9802735 9802738 9802742 9802745 9802748 9802751 9802753 9802755 9802756 9802757 9802758 9802758 9802758 9802757 9802756 9802755 9802753 9802751 9802748 9802745 9802742 9802738 9802735 9802729 9802724 9802720 9802713 9802708 9802701 9802694 9802687 9802679 9802672 9802663 9802654 9802644 9802636 9802625 9802615 9802604 9802593 9802582 9802569 9802557 9802544 9802531 9802518 9802504 9802489 9802475 9802459 9802444 9802428 9802412 9802395 9802379 9802361 9802343 9802325 9802307 9802287 9802268 
9802270 9802289 9802308 9802326 9802345 9802363 9802380 9802397 9802414 9802430 9802446 9802462 9802476 9802491 9802506 9802519 9802533 9802546 9802559 9802572 9802584 9802595 9802606 9802617 9802628 9802637 9802646 9802656 9802665 9802673 9802681 9802689 9802696 9802703 9802710 9802716 9802721 9802727 9802732 9802736 9802740 9802744 9802747 9802750 9802753 9802755 9802756 9802758 9802759 9802759 9802760 9802759 9802759 9802758 9802756 9802755 9802753 9802750 9802747 9802744 9802740 9802736 9802732 9802727 9802721 9802716 9802710 9802703 9802696 9802689 9802681 9802673 9802665 9802656 9802646 9802637 9802628 9802617 9802606 9802595 9802584 9802572 9802559 9802546 9802533 9802519 9802506 9802491 9802476 9802462 9802446 9802430 9802414 9802397 9802380 9802363 9802345 9802326 9802308 9802289 9802270 
9802270 9802291 9802310 9802328 9802347 9802364 9802382 9802399 9802415 9802431 9802447 9802463 9802478 9802493 9802508 9802521 9802534 9802548 9802560 9802573 9802585 9802596 9802608 9802618 9802628 9802638 9802648 9802657 9802667 9802675 9802683 9802690 9802697 9802704 9802711 9802716 9802723 9802728 9802733 9802737 9802741 9802745 9802748 9802752 9802754 9802756 9802758 9802759 9802760 9802761 9802761 9802761 9802760 9802759 9802758 9802756 9802754 9802752 9802748 9802745 9802741 9802737 9802733 9802728 9802723 9802716 9802711 9802704 9802697 9802690 9802683 9802675 9802667 9802657 9802648 9802638 9802628 9802618 9802608 9802596 9802585 9802573 9802560 9802548 9802534 9802521 9802508 9802493 9802478 9802463 9802447 9802431 9802415 9802399 9802382 9802364 9802347 9802328 9802310 9802291 9802270 
9802272 9802291 9802310 9802329 9802347 9802365 9802383 9802399 9802417 9802433 9802449 9802463 9802479 9802494 9802508 9802522 9802535 9802548 9802561 9802574 9802586 9802597 9802609 9802620 9802630 9802640 9802649 9802658 9802667 9802676 9802684 9802692 9802699 9802705 9802713 9802718 9802724 9802729 9802734 9802738 9802743 9802746 9802749 9802752 9802756 9802757 9802759 9802760 9802761 9802761 9802762 9802761 9802761 9802760 9802759 9802757 9802756 9802752 9802749 9802746 9802743 9802738 9802734 9802729 9802724 9802718 9802713 9802705 9802699 9802692 9802684 9802676 9802667 9802658 9802649 9802640 9802630 9802620 9802609 9802597 9802586 9802574 9802561 9802548 9802535 9802522 9802508 9802494 9802479 9802463 9802449 9802433 9802417 9802399 9802383 9802365 9802347 9802329 9802310 9802291 9802272 
