11025
7.57459e-05 7.6137e-05 7.65224e-05 7.69022e-05 7.7276e-05 7.7644e-05 7.80059e-05 7.83616e-05 7.87111e-05 7.90542e-05 7.93909e-05 7.97211e-05 8.00446e-05 8.03614e-05 8.06714e-05 8.09745e-05 8.12706e-05 8.15596e-05 8.18415e-05 8.21161e-05 8.23834e-05 8.26433e-05 8.28958e-05 8.31407e-05 8.3378e-05 8.36076e-05 8.38294e-05 8.40435e-05 8.42496e-05 8.44478e-05 8.46381e-05 8.48202e-05 8.49943e-05 8.51602e-05 8.53179e-05 8.54673e-05 8.56085e-05 8.57412e-05 8.58657e-05 8.59817e-05 8.60892e-05 8.61883e-05 8.62788e-05 8.63608e-05 8.64343e-05 8.64991e-05 8.65553e-05 8.6603e-05 8.66419e-05 8.66723e-05 8.66939e-05 8.67069e-05 8.67113e-05 8.67069e-05 8.66939e-05 8.66723e-05 8.66419e-05 8.6603e-05 8.65553e-05 8.64991e-05 8.64343e-05 8.63608e-05 8.62788e-05 8.61883e-05 8.60892e-05 8.59817e-05 8.58657e-05 8.57412e-05 8.56085e-05 8.54673e-05 8.53179e-05 8.51602e-05 8.49943e-05 8.48202e-05 8.46381e-05 8.44478e-05 8.42496e-05 8.40435e-05 8.38294e-05 8.36076e-05 8.3378e-05 8.31407e-05 8.28958e-05 8.26433e-05 8.23834e-05 8.21161e-05 8.18415e-05 8.15596e-05 8.12706e-05 8.09745e-05 8.06714e-05 8.03614e-05 8.00446e-05 7.97211e-05 7.93909e-05 7.90542e-05 7.87111e-05 7.83616e-05 7.80059e-05 7.7644e-05 7.7276e-05 7.69022e-05 7.65224e-05 7.6137e-05 7.57459e-05 
7.6137e-05 7.65301e-05 7.69175e-05 7.72992e-05 7.7675e-05 7.80449e-05 7.84086e-05 7.87662e-05 7.91175e-05 7.94624e-05 7.98008e-05 8.01327e-05 8.04579e-05 8.07763e-05 8.10879e-05 8.13926e-05 8.16902e-05 8.19807e-05 8.2264e-05 8.25401e-05 8.28088e-05 8.307e-05 8.33238e-05 8.357e-05 8.38085e-05 8.40393e-05 8.42623e-05 8.44774e-05 8.46846e-05 8.48839e-05 8.50751e-05 8.52582e-05 8.54331e-05 8.55999e-05 8.57584e-05 8.59086e-05 8.60505e-05 8.6184e-05 8.6309e-05 8.64256e-05 8.65337e-05 8.66333e-05 8.67243e-05 8.68067e-05 8.68805e-05 8.69457e-05 8.70023e-05 8.70501e-05 8.70893e-05 8.71198e-05 8.71416e-05 8.71546e-05 8.7159e-05 8.71546e-05 8.71416e-05 8.71198e-05 8.70893e-05 8.70501e-05 8.70023e-05 8.69457e-05 8.68805e-05 8.68067e-05 8.67243e-05 8.66333e-05 8.65337e-05 8.64256e-05 8.6309e-05 8.6184e-05 8.60505e-05 8.59086e-05 8.57584e-05 8.55999e-05 8.54331e-05 8.52582e-05 8.50751e-05 8.48839e-05 8.46846e-05 8.44774e-05 8.42623e-05 8.40393e-05 8.38085e-05 8.357e-05 8.33238e-05 8.307e-05 8.28088e-05 8.25401e-05 8.2264e-05 8.19807e-05 8.16902e-05 8.13926e-05 8.10879e-05 8.07763e-05 8.04579e-05 8.01327e-05 7.98008e-05 7.94624e-05 7.91175e-05 7.87662e-05 7.84086e-05 7.80449e-05 7.7675e-05 7.72992e-05 7.69175e-05 7.65301e-05 7.6137e-05 
7.65224e-05 7.69175e-05 7.7307e-05 7.76906e-05 7.80683e-05 7.844e-05 7.88056e-05 7.9165e-05 7.9518e-05 7.98647e-05 8.02049e-05 8.05384e-05 8.08652e-05 8.11853e-05 8.14985e-05 8.18046e-05 8.21038e-05 8.23958e-05 8.26805e-05 8.2958e-05 8.3228e-05 8.34906e-05 8.37456e-05 8.3993e-05 8.42328e-05 8.44647e-05 8.46889e-05 8.49051e-05 8.51134e-05 8.53136e-05 8.55058e-05 8.56898e-05 8.58657e-05 8.60333e-05 8.61926e-05 8.63435e-05 8.64861e-05 8.66203e-05 8.6746e-05 8.68632e-05 8.69718e-05 8.70719e-05 8.71634e-05 8.72462e-05 8.73204e-05 8.73859e-05 8.74427e-05 8.74908e-05 8.75302e-05 8.75609e-05 8.75827e-05 8.75959e-05 8.76003e-05 8.75959e-05 8.75827e-05 8.75609e-05 8.75302e-05 8.74908e-05 8.74427e-05 8.73859e-05 8.73204e-05 8.72462e-05 8.71634e-05 8.70719e-05 8.69718e-05 8.68632e-05 8.6746e-05 8.66203e-05 8.64861e-05 8.63435e-05 8.61926e-05 8.60333e-05 8.58657e-05 8.56898e-05 8.55058e-05 8.53136e-05 8.51134e-05 8.49051e-05 8.46889e-05 8.44647e-05 8.42328e-05 8.3993e-05 8.37456e-05 8.34906e-05 8.3228e-05 8.2958e-05 8.26805e-05 8.23958e-05 8.21038e-05 8.18046e-05 8.14985e-05 8.11853e-05 8.08652e-05 8.05384e-05 8.02049e-05 7.98647e-05 7.9518e-05 7.9165e-05 7.88056e-05 7.844e-05 7.80683e-05 7.76906e-05 7.7307e-05 7.69175e-05 7.65224e-05 
7.69022e-05 7.72992e-05 7.76906e-05 7.80761e-05 7.84557e-05 7.88292e-05 7.91967e-05 7.95578e-05 7.99126e-05 8.0261e-05 8.06029e-05 8.0938e-05 8.12665e-05 8.15881e-05 8.19029e-05 8.22106e-05 8.25112e-05 8.28046e-05 8.30908e-05 8.33696e-05 8.3641e-05 8.39049e-05 8.41612e-05 8.44098e-05 8.46508e-05 8.48839e-05 8.51091e-05 8.53264e-05 8.55357e-05 8.5737e-05 8.59301e-05 8.6115e-05 8.62918e-05 8.64602e-05 8.66203e-05 8.6772e-05 8.69153e-05 8.70501e-05 8.71764e-05 8.72942e-05 8.74034e-05 8.7504e-05 8.75959e-05 8.76791e-05 8.77537e-05 8.78195e-05 8.78766e-05 8.7925e-05 8.79646e-05 8.79954e-05 8.80174e-05 8.80306e-05 8.8035e-05 8.80306e-05 8.80174e-05 8.79954e-05 8.79646e-05 8.7925e-05 8.78766e-05 8.78195e-05 8.77537e-05 8.76791e-05 8.75959e-05 8.7504e-05 8.74034e-05 8.72942e-05 8.71764e-05 8.70501e-05 8.69153e-05 8.6772e-05 8.66203e-05 8.64602e-05 8.62918e-05 8.6115e-05 8.59301e-05 8.5737e-05 8.55357e-05 8.53264e-05 8.51091e-05 8.48839e-05 8.46508e-05 8.44098e-05 8.41612e-05 8.39049e-05 8.3641e-05 8.33696e-05 8.30908e-05 8.28046e-05 8.25112e-05 8.22106e-05 8.19029e-05 8.15881e-05 8.12665e-05 8.0938e-05 8.06029e-05 8.0261e-05 7.99126e-05 7.95578e-05 7.91967e-05 7.88292e-05 7.84557e-05 7.80761e-05 7.76906e-05 7.72992e-05 7.69022e-05 
7.7276e-05 7.7675e-05 7.80683e-05 7.84557e-05 7.88371e-05 7.92125e-05 7.95817e-05 7.99446e-05 8.03012e-05 8.06512e-05 8.09947e-05 8.13316e-05 8.16616e-05 8.19848e-05 8.23011e-05 8.26103e-05 8.29124e-05 8.32072e-05 8.34948e-05 8.37749e-05 8.40477e-05 8.43128e-05 8.45704e-05 8.48202e-05 8.50623e-05 8.52966e-05 8.55229e-05 8.57412e-05 8.59516e-05 8.61538e-05 8.63479e-05 8.65337e-05 8.67113e-05 8.68805e-05 8.70414e-05 8.71939e-05 8.73379e-05 8.74733e-05 8.76003e-05 8.77186e-05 8.78283e-05 8.79294e-05 8.80218e-05 8.81054e-05 8.81803e-05 8.82465e-05 8.83039e-05 8.83525e-05 8.83922e-05 8.84232e-05 8.84453e-05 8.84585e-05 8.8463e-05 8.84585e-05 8.84453e-05 8.84232e-05 8.83922e-05 8.83525e-05 8.83039e-05 8.82465e-05 8.81803e-05 8.81054e-05 8.80218e-05 8.79294e-05 8.78283e-05 8.77186e-05 8.76003e-05 8.74733e-05 8.73379e-05 8.71939e-05 8.70414e-05 8.68805e-05 8.67113e-05 8.65337e-05 8.63479e-05 8.61538e-05 8.59516e-05 8.57412e-05 8.55229e-05 8.52966e-05 8.50623e-05 8.48202e-05 8.45704e-05 8.43128e-05 8.40477e-05 8.37749e-05 8.34948e-05 8.32072e-05 8.29124e-05 8.26103e-05 8.23011e-05 8.19848e-05 8.16616e-05 8.13316e-05 8.09947e-05 8.06512e-05 8.03012e-05 7.99446e-05 7.95817e-05 7.92125e-05 7.88371e-05 7.84557e-05 7.80683e-05 7.7675e-05 7.7276e-05 
7.7644e-05 7.80449e-05 7.844e-05 7.88292e-05 7.92125e-05 7.95896e-05 7.99606e-05 8.03253e-05 8.06835e-05 8.10352e-05 8.13804e-05 8.17188e-05 8.20504e-05 8.23752e-05 8.26929e-05 8.30036e-05 8.33071e-05 8.36034e-05 8.38923e-05 8.41738e-05 8.44478e-05 8.47143e-05 8.4973e-05 8.52241e-05 8.54673e-05 8.57027e-05 8.59301e-05 8.61495e-05 8.63608e-05 8.6564e-05 8.6759e-05 8.69457e-05 8.71241e-05 8.72942e-05 8.74558e-05 8.7609e-05 8.77537e-05 8.78898e-05 8.80174e-05 8.81363e-05 8.82465e-05 8.8348e-05 8.84409e-05 8.85249e-05 8.86002e-05 8.86667e-05 8.87243e-05 8.87731e-05 8.88131e-05 8.88442e-05 8.88664e-05 8.88797e-05 8.88842e-05 8.88797e-05 8.88664e-05 8.88442e-05 8.88131e-05 8.87731e-05 8.87243e-05 8.86667e-05 8.86002e-05 8.85249e-05 8.84409e-05 8.8348e-05 8.82465e-05 8.81363e-05 8.80174e-05 8.78898e-05 8.77537e-05 8.7609e-05 8.74558e-05 8.72942e-05 8.71241e-05 8.69457e-05 8.6759e-05 8.6564e-05 8.63608e-05 8.61495e-05 8.59301e-05 8.57027e-05 8.54673e-05 8.52241e-05 8.4973e-05 8.47143e-05 8.44478e-05 8.41738e-05 8.38923e-05 8.36034e-05 8.33071e-05 8.30036e-05 8.26929e-05 8.23752e-05 8.20504e-05 8.17188e-05 8.13804e-05 8.10352e-05 8.06835e-05 8.03253e-05 7.99606e-05 7.95896e-05 7.92125e-05 7.88292e-05 7.844e-05 7.80449e-05 7.7644e-05 
7.80059e-05 7.84086e-05 7.88056e-05 7.91967e-05 7.95817e-05 7.99606e-05 8.03333e-05 8.06996e-05 8.10595e-05 8.14129e-05 8.17597e-05 8.20997e-05 8.24329e-05 8.27591e-05 8.30783e-05 8.33905e-05 8.36954e-05 8.3993e-05 8.42833e-05 8.45661e-05 8.48414e-05 8.51091e-05 8.53691e-05 8.56213e-05 8.58657e-05 8.61021e-05 8.63306e-05 8.6551e-05 8.67633e-05 8.69675e-05 8.71634e-05 8.7351e-05 8.75302e-05 8.77011e-05 8.78635e-05 8.80174e-05 8.81627e-05 8.82995e-05 8.84276e-05 8.8547e-05 8.86578e-05 8.87598e-05 8.88531e-05 8.89375e-05 8.90131e-05 8.90799e-05 8.91378e-05 8.91869e-05 8.9227e-05 8.92583e-05 8.92806e-05 8.9294e-05 8.92984e-05 8.9294e-05 8.92806e-05 8.92583e-05 8.9227e-05 8.91869e-05 8.91378e-05 8.90799e-05 8.90131e-05 8.89375e-05 8.88531e-05 8.87598e-05 8.86578e-05 8.8547e-05 8.84276e-05 8.82995e-05 8.81627e-05 8.80174e-05 8.78635e-05 8.77011e-05 8.75302e-05 8.7351e-05 8.71634e-05 8.69675e-05 8.67633e-05 8.6551e-05 8.63306e-05 8.61021e-05 8.58657e-05 8.56213e-05 8.53691e-05 8.51091e-05 8.48414e-05 8.45661e-05 8.42833e-05 8.3993e-05 8.36954e-05 8.33905e-05 8.30783e-05 8.27591e-05 8.24329e-05 8.20997e-05 8.17597e-05 8.14129e-05 8.10595e-05 8.06996e-05 8.03333e-05 7.99606e-05 7.95817e-05 7.91967e-05 7.88056e-05 7.84086e-05 7.80059e-05 
7.83616e-05 7.87662e-05 7.9165e-05 7.95578e-05 7.99446e-05 8.03253e-05 8.06996e-05 8.10677e-05 8.14292e-05 8.17842e-05 8.21325e-05 8.24741e-05 8.28088e-05 8.31365e-05 8.34572e-05 8.37708e-05 8.40771e-05 8.43761e-05 8.46677e-05 8.49518e-05 8.52283e-05 8.54972e-05 8.57584e-05 8.60118e-05 8.62572e-05 8.64948e-05 8.67243e-05 8.69457e-05 8.7159e-05 8.73641e-05 8.75609e-05 8.77493e-05 8.79294e-05 8.8101e-05 8.82642e-05 8.84187e-05 8.85648e-05 8.87021e-05 8.88309e-05 8.89509e-05 8.90621e-05 8.91646e-05 8.92583e-05 8.93431e-05 8.94191e-05 8.94862e-05 8.95443e-05 8.95936e-05 8.96339e-05 8.96653e-05 8.96877e-05 8.97012e-05 8.97057e-05 8.97012e-05 8.96877e-05 8.96653e-05 8.96339e-05 8.95936e-05 8.95443e-05 8.94862e-05 8.94191e-05 8.93431e-05 8.92583e-05 8.91646e-05 8.90621e-05 8.89509e-05 8.88309e-05 8.87021e-05 8.85648e-05 8.84187e-05 8.82642e-05 8.8101e-05 8.79294e-05 8.77493e-05 8.75609e-05 8.73641e-05 8.7159e-05 8.69457e-05 8.67243e-05 8.64948e-05 8.62572e-05 8.60118e-05 8.57584e-05 8.54972e-05 8.52283e-05 8.49518e-05 8.46677e-05 8.43761e-05 8.40771e-05 8.37708e-05 8.34572e-05 8.31365e-05 8.28088e-05 8.24741e-05 8.21325e-05 8.17842e-05 8.14292e-05 8.10677e-05 8.06996e-05 8.03253e-05 7.99446e-05 7.95578e-05 7.9165e-05 7.87662e-05 7.83616e-05 
7.87111e-05 7.91175e-05 7.9518e-05 7.99126e-05 8.03012e-05 8.06835e-05 8.10595e-05 8.14292e-05 8.17924e-05 8.21489e-05 8.24988e-05 8.28419e-05 8.31781e-05 8.35073e-05 8.38294e-05 8.41444e-05 8.44521e-05 8.47524e-05 8.50453e-05 8.53307e-05 8.56085e-05 8.58785e-05 8.61409e-05 8.63954e-05 8.66419e-05 8.68805e-05 8.71111e-05 8.73335e-05 8.75477e-05 8.77537e-05 8.79514e-05 8.81407e-05 8.83215e-05 8.84939e-05 8.86578e-05 8.88131e-05 8.89598e-05 8.90977e-05 8.9227e-05 8.93476e-05 8.94593e-05 8.95623e-05 8.96563e-05 8.97416e-05 8.98179e-05 8.98853e-05 8.99437e-05 8.99932e-05 9.00337e-05 9.00652e-05 9.00877e-05 9.01012e-05 9.01058e-05 9.01012e-05 9.00877e-05 9.00652e-05 9.00337e-05 8.99932e-05 8.99437e-05 8.98853e-05 8.98179e-05 8.97416e-05 8.96563e-05 8.95623e-05 8.94593e-05 8.93476e-05 8.9227e-05 8.90977e-05 8.89598e-05 8.88131e-05 8.86578e-05 8.84939e-05 8.83215e-05 8.81407e-05 8.79514e-05 8.77537e-05 8.75477e-05 8.73335e-05 8.71111e-05 8.68805e-05 8.66419e-05 8.63954e-05 8.61409e-05 8.58785e-05 8.56085e-05 8.53307e-05 8.50453e-05 8.47524e-05 8.44521e-05 8.41444e-05 8.38294e-05 8.35073e-05 8.31781e-05 8.28419e-05 8.24988e-05 8.21489e-05 8.17924e-05 8.14292e-05 8.10595e-05 8.06835e-05 8.03012e-05 7.99126e-05 7.9518e-05 7.91175e-05 7.87111e-05 
7.90542e-05 7.94624e-05 7.98647e-05 8.0261e-05 8.06512e-05 8.10352e-05 8.14129e-05 8.17842e-05 8.21489e-05 8.25071e-05 8.28585e-05 8.32031e-05 8.35407e-05 8.38713e-05 8.41949e-05 8.45112e-05 8.48202e-05 8.51219e-05 8.54161e-05 8.57027e-05 8.59817e-05 8.62529e-05 8.65164e-05 8.6772e-05 8.70197e-05 8.72593e-05 8.74908e-05 8.77142e-05 8.79294e-05 8.81363e-05 8.83348e-05 8.85249e-05 8.87066e-05 8.88797e-05 8.90443e-05 8.92003e-05 8.93476e-05 8.94862e-05 8.9616e-05 8.97371e-05 8.98493e-05 8.99527e-05 9.00472e-05 9.01328e-05 9.02094e-05 9.02771e-05 9.03358e-05 9.03855e-05 9.04262e-05 9.04579e-05 9.04805e-05 9.0494e-05 9.04986e-05 9.0494e-05 9.04805e-05 9.04579e-05 9.04262e-05 9.03855e-05 9.03358e-05 9.02771e-05 9.02094e-05 9.01328e-05 9.00472e-05 8.99527e-05 8.98493e-05 8.97371e-05 8.9616e-05 8.94862e-05 8.93476e-05 8.92003e-05 8.90443e-05 8.88797e-05 8.87066e-05 8.85249e-05 8.83348e-05 8.81363e-05 8.79294e-05 8.77142e-05 8.74908e-05 8.72593e-05 8.70197e-05 8.6772e-05 8.65164e-05 8.62529e-05 8.59817e-05 8.57027e-05 8.54161e-05 8.51219e-05 8.48202e-05 8.45112e-05 8.41949e-05 8.38713e-05 8.35407e-05 8.32031e-05 8.28585e-05 8.25071e-05 8.21489e-05 8.17842e-05 8.14129e-05 8.10352e-05 8.06512e-05 8.0261e-05 7.98647e-05 7.94624e-05 7.90542e-05 
7.93909e-05 7.98008e-05 8.02049e-05 8.06029e-05 8.09947e-05 8.13804e-05 8.17597e-05 8.21325e-05 8.24988e-05 8.28585e-05 8.32114e-05 8.35574e-05 8.38965e-05 8.42286e-05 8.45535e-05 8.48711e-05 8.51815e-05 8.54844e-05 8.57798e-05 8.60677e-05 8.63479e-05 8.66203e-05 8.68849e-05 8.71416e-05 8.73903e-05 8.76309e-05 8.78635e-05 8.80878e-05 8.83039e-05 8.85116e-05 8.8711e-05 8.89019e-05 8.90844e-05 8.92583e-05 8.94235e-05 8.95802e-05 8.97281e-05 8.98673e-05 8.99977e-05 9.01193e-05 9.0232e-05 9.03358e-05 9.04307e-05 9.05167e-05 9.05936e-05 9.06616e-05 9.07206e-05 9.07705e-05 9.08113e-05 9.08431e-05 9.08658e-05 9.08795e-05 9.0884e-05 9.08795e-05 9.08658e-05 9.08431e-05 9.08113e-05 9.07705e-05 9.07206e-05 9.06616e-05 9.05936e-05 9.05167e-05 9.04307e-05 9.03358e-05 9.0232e-05 9.01193e-05 8.99977e-05 8.98673e-05 8.97281e-05 8.95802e-05 8.94235e-05 8.92583e-05 8.90844e-05 8.89019e-05 8.8711e-05 8.85116e-05 8.83039e-05 8.80878e-05 8.78635e-05 8.76309e-05 8.73903e-05 8.71416e-05 8.68849e-05 8.66203e-05 8.63479e-05 8.60677e-05 8.57798e-05 8.54844e-05 8.51815e-05 8.48711e-05 8.45535e-05 8.42286e-05 8.38965e-05 8.35574e-05 8.32114e-05 8.28585e-05 8.24988e-05 8.21325e-05 8.17597e-05 8.13804e-05 8.09947e-05 8.06029e-05 8.02049e-05 7.98008e-05 7.93909e-05 
7.97211e-05 8.01327e-05 8.05384e-05 8.0938e-05 8.13316e-05 8.17188e-05 8.20997e-05 8.24741e-05 8.28419e-05 8.32031e-05 8.35574e-05 8.39049e-05 8.42454e-05 8.45788e-05 8.49051e-05 8.52241e-05 8.55357e-05 8.58399e-05 8.61366e-05 8.64256e-05 8.67069e-05 8.69805e-05 8.72462e-05 8.7504e-05 8.77537e-05 8.79954e-05 8.82289e-05 8.84541e-05 8.86711e-05 8.88797e-05 8.90799e-05 8.92717e-05 8.94548e-05 8.96295e-05 8.97954e-05 8.99527e-05 9.01012e-05 9.0241e-05 9.0372e-05 9.0494e-05 9.06072e-05 9.07115e-05 9.08068e-05 9.08931e-05 9.09704e-05 9.10386e-05 9.10978e-05 9.1148e-05 9.1189e-05 9.12209e-05 9.12437e-05 9.12574e-05 9.1262e-05 9.12574e-05 9.12437e-05 9.12209e-05 9.1189e-05 9.1148e-05 9.10978e-05 9.10386e-05 9.09704e-05 9.08931e-05 9.08068e-05 9.07115e-05 9.06072e-05 9.0494e-05 9.0372e-05 9.0241e-05 9.01012e-05 8.99527e-05 8.97954e-05 8.96295e-05 8.94548e-05 8.92717e-05 8.90799e-05 8.88797e-05 8.86711e-05 8.84541e-05 8.82289e-05 8.79954e-05 8.77537e-05 8.7504e-05 8.72462e-05 8.69805e-05 8.67069e-05 8.64256e-05 8.61366e-05 8.58399e-05 8.55357e-05 8.52241e-05 8.49051e-05 8.45788e-05 8.42454e-05 8.39049e-05 8.35574e-05 8.32031e-05 8.28419e-05 8.24741e-05 8.20997e-05 8.17188e-05 8.13316e-05 8.0938e-05 8.05384e-05 8.01327e-05 7.97211e-05 
8.00446e-05 8.04579e-05 8.08652e-05 8.12665e-05 8.16616e-05 8.20504e-05 8.24329e-05 8.28088e-05 8.31781e-05 8.35407e-05 8.38965e-05 8.42454e-05 8.45873e-05 8.49221e-05 8.52497e-05 8.55699e-05 8.58828e-05 8.61883e-05 8.64861e-05 8.67763e-05 8.70588e-05 8.73335e-05 8.76003e-05 8.78591e-05 8.81098e-05 8.83525e-05 8.85869e-05 8.88131e-05 8.90309e-05 8.92404e-05 8.94414e-05 8.96339e-05 8.98179e-05 8.99932e-05 9.01598e-05 9.03178e-05 9.04669e-05 9.06072e-05 9.07387e-05 9.08613e-05 9.09749e-05 9.10796e-05 9.11753e-05 9.1262e-05 9.13396e-05 9.14081e-05 9.14675e-05 9.15178e-05 9.1559e-05 9.15911e-05 9.1614e-05 9.16277e-05 9.16323e-05 9.16277e-05 9.1614e-05 9.15911e-05 9.1559e-05 9.15178e-05 9.14675e-05 9.14081e-05 9.13396e-05 9.1262e-05 9.11753e-05 9.10796e-05 9.09749e-05 9.08613e-05 9.07387e-05 9.06072e-05 9.04669e-05 9.03178e-05 9.01598e-05 8.99932e-05 8.98179e-05 8.96339e-05 8.94414e-05 8.92404e-05 8.90309e-05 8.88131e-05 8.85869e-05 8.83525e-05 8.81098e-05 8.78591e-05 8.76003e-05 8.73335e-05 8.70588e-05 8.67763e-05 8.64861e-05 8.61883e-05 8.58828e-05 8.55699e-05 8.52497e-05 8.49221e-05 8.45873e-05 8.42454e-05 8.38965e-05 8.35407e-05 8.31781e-05 8.28088e-05 8.24329e-05 8.20504e-05 8.16616e-05 8.12665e-05 8.08652e-05 8.04579e-05 8.00446e-05 
8.03614e-05 8.07763e-05 8.11853e-05 8.15881e-05 8.19848e-05 8.23752e-05 8.27591e-05 8.31365e-05 8.35073e-05 8.38713e-05 8.42286e-05 8.45788e-05 8.49221e-05 8.52582e-05 8.55871e-05 8.59086e-05 8.62227e-05 8.65294e-05 8.68284e-05 8.71198e-05 8.74034e-05 8.76791e-05 8.7947e-05 8.82068e-05 8.84585e-05 8.87021e-05 8.89375e-05 8.91646e-05 8.93833e-05 8.95936e-05 8.97954e-05 8.99887e-05 9.01734e-05 9.03494e-05 9.05167e-05 9.06752e-05 9.08249e-05 9.09658e-05 9.10978e-05 9.12209e-05 9.1335e-05 9.14401e-05 9.15362e-05 9.16232e-05 9.17011e-05 9.17699e-05 9.18295e-05 9.18801e-05 9.19214e-05 9.19536e-05 9.19766e-05 9.19904e-05 9.1995e-05 9.19904e-05 9.19766e-05 9.19536e-05 9.19214e-05 9.18801e-05 9.18295e-05 9.17699e-05 9.17011e-05 9.16232e-05 9.15362e-05 9.14401e-05 9.1335e-05 9.12209e-05 9.10978e-05 9.09658e-05 9.08249e-05 9.06752e-05 9.05167e-05 9.03494e-05 9.01734e-05 8.99887e-05 8.97954e-05 8.95936e-05 8.93833e-05 8.91646e-05 8.89375e-05 8.87021e-05 8.84585e-05 8.82068e-05 8.7947e-05 8.76791e-05 8.74034e-05 8.71198e-05 8.68284e-05 8.65294e-05 8.62227e-05 8.59086e-05 8.55871e-05 8.52582e-05 8.49221e-05 8.45788e-05 8.42286e-05 8.38713e-05 8.35073e-05 8.31365e-05 8.27591e-05 8.23752e-05 8.19848e-05 8.15881e-05 8.11853e-05 8.07763e-05 8.03614e-05 
8.06714e-05 8.10879e-05 8.14985e-05 8.19029e-05 8.23011e-05 8.26929e-05 8.30783e-05 8.34572e-05 8.38294e-05 8.41949e-05 8.45535e-05 8.49051e-05 8.52497e-05 8.55871e-05 8.59172e-05 8.624e-05 8.65553e-05 8.68632e-05 8.71634e-05 8.74558e-05 8.77405e-05 8.80174e-05 8.82862e-05 8.8547e-05 8.87998e-05 8.90443e-05 8.92806e-05 8.95085e-05 8.97281e-05 8.99392e-05 9.01418e-05 9.03358e-05 9.05212e-05 9.06979e-05 9.08658e-05 9.1025e-05 9.11753e-05 9.13167e-05 9.14492e-05 9.15728e-05 9.16873e-05 9.17928e-05 9.18892e-05 9.19766e-05 9.20548e-05 9.21239e-05 9.21838e-05 9.22345e-05 9.2276e-05 9.23083e-05 9.23314e-05 9.23452e-05 9.23498e-05 9.23452e-05 9.23314e-05 9.23083e-05 9.2276e-05 9.22345e-05 9.21838e-05 9.21239e-05 9.20548e-05 9.19766e-05 9.18892e-05 9.17928e-05 9.16873e-05 9.15728e-05 9.14492e-05 9.13167e-05 9.11753e-05 9.1025e-05 9.08658e-05 9.06979e-05 9.05212e-05 9.03358e-05 9.01418e-05 8.99392e-05 8.97281e-05 8.95085e-05 8.92806e-05 8.90443e-05 8.87998e-05 8.8547e-05 8.82862e-05 8.80174e-05 8.77405e-05 8.74558e-05 8.71634e-05 8.68632e-05 8.65553e-05 8.624e-05 8.59172e-05 8.55871e-05 8.52497e-05 8.49051e-05 8.45535e-05 8.41949e-05 8.38294e-05 8.34572e-05 8.30783e-05 8.26929e-05 8.23011e-05 8.19029e-05 8.14985e-05 8.10879e-05 8.06714e-05 
8.09745e-05 8.13926e-05 8.18046e-05 8.22106e-05 8.26103e-05 8.30036e-05 8.33905e-05 8.37708e-05 8.41444e-05 8.45112e-05 8.48711e-05 8.52241e-05 8.55699e-05 8.59086e-05 8.624e-05 8.6564e-05 8.68805e-05 8.71895e-05 8.74908e-05 8.77844e-05 8.80702e-05 8.8348e-05 8.86179e-05 8.88797e-05 8.91334e-05 8.93788e-05 8.9616e-05 8.98448e-05 9.00652e-05 9.02771e-05 9.04805e-05 9.06752e-05 9.08613e-05 9.10386e-05 9.12072e-05 9.1367e-05 9.15178e-05 9.16598e-05 9.17928e-05 9.19168e-05 9.20318e-05 9.21377e-05 9.22345e-05 9.23221e-05 9.24007e-05 9.247e-05 9.25301e-05 9.2581e-05 9.26227e-05 9.26551e-05 9.26783e-05 9.26922e-05 9.26968e-05 9.26922e-05 9.26783e-05 9.26551e-05 9.26227e-05 9.2581e-05 9.25301e-05 9.247e-05 9.24007e-05 9.23221e-05 9.22345e-05 9.21377e-05 9.20318e-05 9.19168e-05 9.17928e-05 9.16598e-05 9.15178e-05 9.1367e-05 9.12072e-05 9.10386e-05 9.08613e-05 9.06752e-05 9.04805e-05 9.02771e-05 9.00652e-05 8.98448e-05 8.9616e-05 8.93788e-05 8.91334e-05 8.88797e-05 8.86179e-05 8.8348e-05 8.80702e-05 8.77844e-05 8.74908e-05 8.71895e-05 8.68805e-05 8.6564e-05 8.624e-05 8.59086e-05 8.55699e-05 8.52241e-05 8.48711e-05 8.45112e-05 8.41444e-05 8.37708e-05 8.33905e-05 8.30036e-05 8.26103e-05 8.22106e-05 8.18046e-05 8.13926e-05 8.09745e-05 
8.12706e-05 8.16902e-05 8.21038e-05 8.25112e-05 8.29124e-05 8.33071e-05 8.36954e-05 8.40771e-05 8.44521e-05 8.48202e-05 8.51815e-05 8.55357e-05 8.58828e-05 8.62227e-05 8.65553e-05 8.68805e-05 8.71982e-05 8.75083e-05 8.78108e-05 8.81054e-05 8.83922e-05 8.86711e-05 8.8942e-05 8.92047e-05 8.94593e-05 8.97057e-05 8.99437e-05 9.01734e-05 9.03946e-05 9.06072e-05 9.08113e-05 9.10068e-05 9.11935e-05 9.13715e-05 9.15407e-05 9.17011e-05 9.18525e-05 9.1995e-05 9.21285e-05 9.22529e-05 9.23683e-05 9.24746e-05 9.25718e-05 9.26597e-05 9.27385e-05 9.28081e-05 9.28685e-05 9.29195e-05 9.29614e-05 9.29939e-05 9.30172e-05 9.30311e-05 9.30358e-05 9.30311e-05 9.30172e-05 9.29939e-05 9.29614e-05 9.29195e-05 9.28685e-05 9.28081e-05 9.27385e-05 9.26597e-05 9.25718e-05 9.24746e-05 9.23683e-05 9.22529e-05 9.21285e-05 9.1995e-05 9.18525e-05 9.17011e-05 9.15407e-05 9.13715e-05 9.11935e-05 9.10068e-05 9.08113e-05 9.06072e-05 9.03946e-05 9.01734e-05 8.99437e-05 8.97057e-05 8.94593e-05 8.92047e-05 8.8942e-05 8.86711e-05 8.83922e-05 8.81054e-05 8.78108e-05 8.75083e-05 8.71982e-05 8.68805e-05 8.65553e-05 8.62227e-05 8.58828e-05 8.55357e-05 8.51815e-05 8.48202e-05 8.44521e-05 8.40771e-05 8.36954e-05 8.33071e-05 8.29124e-05 8.25112e-05 8.21038e-05 8.16902e-05 8.12706e-05 
8.15596e-05 8.19807e-05 8.23958e-05 8.28046e-05 8.32072e-05 8.36034e-05 8.3993e-05 8.43761e-05 8.47524e-05 8.51219e-05 8.54844e-05 8.58399e-05 8.61883e-05 8.65294e-05 8.68632e-05 8.71895e-05 8.75083e-05 8.78195e-05 8.8123e-05 8.84187e-05 8.87066e-05 8.89864e-05 8.92583e-05 8.9522e-05 8.97775e-05 9.00247e-05 9.02636e-05 9.0494e-05 9.0716e-05 9.09295e-05 9.11343e-05 9.13304e-05 9.15178e-05 9.16965e-05 9.18663e-05 9.20272e-05 9.21792e-05 9.23221e-05 9.24561e-05 9.2581e-05 9.26968e-05 9.28035e-05 9.2901e-05 9.29893e-05 9.30683e-05 9.31382e-05 9.31987e-05 9.325e-05 9.3292e-05 9.33246e-05 9.3348e-05 9.3362e-05 9.33666e-05 9.3362e-05 9.3348e-05 9.33246e-05 9.3292e-05 9.325e-05 9.31987e-05 9.31382e-05 9.30683e-05 9.29893e-05 9.2901e-05 9.28035e-05 9.26968e-05 9.2581e-05 9.24561e-05 9.23221e-05 9.21792e-05 9.20272e-05 9.18663e-05 9.16965e-05 9.15178e-05 9.13304e-05 9.11343e-05 9.09295e-05 9.0716e-05 9.0494e-05 9.02636e-05 9.00247e-05 8.97775e-05 8.9522e-05 8.92583e-05 8.89864e-05 8.87066e-05 8.84187e-05 8.8123e-05 8.78195e-05 8.75083e-05 8.71895e-05 8.68632e-05 8.65294e-05 8.61883e-05 8.58399e-05 8.54844e-05 8.51219e-05 8.47524e-05 8.43761e-05 8.3993e-05 8.36034e-05 8.32072e-05 8.28046e-05 8.23958e-05 8.19807e-05 8.15596e-05 
8.18415e-05 8.2264e-05 8.26805e-05 8.30908e-05 8.34948e-05 8.38923e-05 8.42833e-05 8.46677e-05 8.50453e-05 8.54161e-05 8.57798e-05 8.61366e-05 8.64861e-05 8.68284e-05 8.71634e-05 8.74908e-05 8.78108e-05 8.8123e-05 8.84276e-05 8.87243e-05 8.90131e-05 8.9294e-05 8.95667e-05 8.98314e-05 9.00877e-05 9.03358e-05 9.05755e-05 9.08068e-05 9.10295e-05 9.12437e-05 9.14492e-05 9.16461e-05 9.18341e-05 9.20134e-05 9.21838e-05 9.23452e-05 9.24977e-05 9.26412e-05 9.27756e-05 9.2901e-05 9.30172e-05 9.31242e-05 9.3222e-05 9.33106e-05 9.339e-05 9.346e-05 9.35208e-05 9.35723e-05 9.36144e-05 9.36472e-05 9.36706e-05 9.36846e-05 9.36893e-05 9.36846e-05 9.36706e-05 9.36472e-05 9.36144e-05 9.35723e-05 9.35208e-05 9.346e-05 9.339e-05 9.33106e-05 9.3222e-05 9.31242e-05 9.30172e-05 9.2901e-05 9.27756e-05 9.26412e-05 9.24977e-05 9.23452e-05 9.21838e-05 9.20134e-05 9.18341e-05 9.16461e-05 9.14492e-05 9.12437e-05 9.10295e-05 9.08068e-05 9.05755e-05 9.03358e-05 9.00877e-05 8.98314e-05 8.95667e-05 8.9294e-05 8.90131e-05 8.87243e-05 8.84276e-05 8.8123e-05 8.78108e-05 8.74908e-05 8.71634e-05 8.68284e-05 8.64861e-05 8.61366e-05 8.57798e-05 8.54161e-05 8.50453e-05 8.46677e-05 8.42833e-05 8.38923e-05 8.34948e-05 8.30908e-05 8.26805e-05 8.2264e-05 8.18415e-05 
8.21161e-05 8.25401e-05 8.2958e-05 8.33696e-05 8.37749e-05 8.41738e-05 8.45661e-05 8.49518e-05 8.53307e-05 8.57027e-05 8.60677e-05 8.64256e-05 8.67763e-05 8.71198e-05 8.74558e-05 8.77844e-05 8.81054e-05 8.84187e-05 8.87243e-05 8.9022e-05 8.93118e-05 8.95936e-05 8.98673e-05 9.01328e-05 9.039e-05 9.06389e-05 9.08795e-05 9.11115e-05 9.1335e-05 9.15499e-05 9.17561e-05 9.19536e-05 9.21423e-05 9.23221e-05 9.24931e-05 9.26551e-05 9.28081e-05 9.29521e-05 9.3087e-05 9.32127e-05 9.33293e-05 9.34367e-05 9.35348e-05 9.36237e-05 9.37034e-05 9.37737e-05 9.38346e-05 9.38863e-05 9.39285e-05 9.39614e-05 9.39849e-05 9.3999e-05 9.40037e-05 9.3999e-05 9.39849e-05 9.39614e-05 9.39285e-05 9.38863e-05 9.38346e-05 9.37737e-05 9.37034e-05 9.36237e-05 9.35348e-05 9.34367e-05 9.33293e-05 9.32127e-05 9.3087e-05 9.29521e-05 9.28081e-05 9.26551e-05 9.24931e-05 9.23221e-05 9.21423e-05 9.19536e-05 9.17561e-05 9.15499e-05 9.1335e-05 9.11115e-05 9.08795e-05 9.06389e-05 9.039e-05 9.01328e-05 8.98673e-05 8.95936e-05 8.93118e-05 8.9022e-05 8.87243e-05 8.84187e-05 8.81054e-05 8.77844e-05 8.74558e-05 8.71198e-05 8.67763e-05 8.64256e-05 8.60677e-05 8.57027e-05 8.53307e-05 8.49518e-05 8.45661e-05 8.41738e-05 8.37749e-05 8.33696e-05 8.2958e-05 8.25401e-05 8.21161e-05 
8.23834e-05 8.28088e-05 8.3228e-05 8.3641e-05 8.40477e-05 8.44478e-05 8.48414e-05 8.52283e-05 8.56085e-05 8.59817e-05 8.63479e-05 8.67069e-05 8.70588e-05 8.74034e-05 8.77405e-05 8.80702e-05 8.83922e-05 8.87066e-05 8.90131e-05 8.93118e-05 8.96026e-05 8.98853e-05 9.01598e-05 9.04262e-05 9.06843e-05 9.0934e-05 9.11753e-05 9.14081e-05 9.16323e-05 9.18479e-05 9.20548e-05 9.22529e-05 9.24422e-05 9.26227e-05 9.27942e-05 9.29567e-05 9.31102e-05 9.32547e-05 9.339e-05 9.35161e-05 9.36331e-05 9.37408e-05 9.38393e-05 9.39285e-05 9.40084e-05 9.40789e-05 9.41401e-05 9.41919e-05 9.42343e-05 9.42673e-05 9.42908e-05 9.4305e-05 9.43097e-05 9.4305e-05 9.42908e-05 9.42673e-05 9.42343e-05 9.41919e-05 9.41401e-05 9.40789e-05 9.40084e-05 9.39285e-05 9.38393e-05 9.37408e-05 9.36331e-05 9.35161e-05 9.339e-05 9.32547e-05 9.31102e-05 9.29567e-05 9.27942e-05 9.26227e-05 9.24422e-05 9.22529e-05 9.20548e-05 9.18479e-05 9.16323e-05 9.14081e-05 9.11753e-05 9.0934e-05 9.06843e-05 9.04262e-05 9.01598e-05 8.98853e-05 8.96026e-05 8.93118e-05 8.90131e-05 8.87066e-05 8.83922e-05 8.80702e-05 8.77405e-05 8.74034e-05 8.70588e-05 8.67069e-05 8.63479e-05 8.59817e-05 8.56085e-05 8.52283e-05 8.48414e-05 8.44478e-05 8.40477e-05 8.3641e-05 8.3228e-05 8.28088e-05 8.23834e-05 
8.26433e-05 8.307e-05 8.34906e-05 8.39049e-05 8.43128e-05 8.47143e-05 8.51091e-05 8.54972e-05 8.58785e-05 8.62529e-05 8.66203e-05 8.69805e-05 8.73335e-05 8.76791e-05 8.80174e-05 8.8348e-05 8.86711e-05 8.89864e-05 8.9294e-05 8.95936e-05 8.98853e-05 9.01689e-05 9.04443e-05 9.07115e-05 9.09704e-05 9.12209e-05 9.1463e-05 9.16965e-05 9.19214e-05 9.21377e-05 9.23452e-05 9.2544e-05 9.27339e-05 9.29149e-05 9.3087e-05 9.325e-05 9.3404e-05 9.35489e-05 9.36846e-05 9.38112e-05 9.39285e-05 9.40366e-05 9.41354e-05 9.42249e-05 9.4305e-05 9.43757e-05 9.44371e-05 9.44891e-05 9.45316e-05 9.45647e-05 9.45883e-05 9.46025e-05 9.46072e-05 9.46025e-05 9.45883e-05 9.45647e-05 9.45316e-05 9.44891e-05 9.44371e-05 9.43757e-05 9.4305e-05 9.42249e-05 9.41354e-05 9.40366e-05 9.39285e-05 9.38112e-05 9.36846e-05 9.35489e-05 9.3404e-05 9.325e-05 9.3087e-05 9.29149e-05 9.27339e-05 9.2544e-05 9.23452e-05 9.21377e-05 9.19214e-05 9.16965e-05 9.1463e-05 9.12209e-05 9.09704e-05 9.07115e-05 9.04443e-05 9.01689e-05 8.98853e-05 8.95936e-05 8.9294e-05 8.89864e-05 8.86711e-05 8.8348e-05 8.80174e-05 8.76791e-05 8.73335e-05 8.69805e-05 8.66203e-05 8.62529e-05 8.58785e-05 8.54972e-05 8.51091e-05 8.47143e-05 8.43128e-05 8.39049e-05 8.34906e-05 8.307e-05 8.26433e-05 
8.28958e-05 8.33238e-05 8.37456e-05 8.41612e-05 8.45704e-05 8.4973e-05 8.53691e-05 8.57584e-05 8.61409e-05 8.65164e-05 8.68849e-05 8.72462e-05 8.76003e-05 8.7947e-05 8.82862e-05 8.86179e-05 8.8942e-05 8.92583e-05 8.95667e-05 8.98673e-05 9.01598e-05 9.04443e-05 9.07206e-05 9.09886e-05 9.12483e-05 9.14995e-05 9.17423e-05 9.19766e-05 9.22022e-05 9.24191e-05 9.26273e-05 9.28267e-05 9.30172e-05 9.31987e-05 9.33713e-05 9.35348e-05 9.36893e-05 9.38346e-05 9.39708e-05 9.40977e-05 9.42154e-05 9.43238e-05 9.44229e-05 9.45127e-05 9.45931e-05 9.4664e-05 9.47256e-05 9.47777e-05 9.48203e-05 9.48535e-05 9.48773e-05 9.48915e-05 9.48962e-05 9.48915e-05 9.48773e-05 9.48535e-05 9.48203e-05 9.47777e-05 9.47256e-05 9.4664e-05 9.45931e-05 9.45127e-05 9.44229e-05 9.43238e-05 9.42154e-05 9.40977e-05 9.39708e-05 9.38346e-05 9.36893e-05 9.35348e-05 9.33713e-05 9.31987e-05 9.30172e-05 9.28267e-05 9.26273e-05 9.24191e-05 9.22022e-05 9.19766e-05 9.17423e-05 9.14995e-05 9.12483e-05 9.09886e-05 9.07206e-05 9.04443e-05 9.01598e-05 8.98673e-05 8.95667e-05 8.92583e-05 8.8942e-05 8.86179e-05 8.82862e-05 8.7947e-05 8.76003e-05 8.72462e-05 8.68849e-05 8.65164e-05 8.61409e-05 8.57584e-05 8.53691e-05 8.4973e-05 8.45704e-05 8.41612e-05 8.37456e-05 8.33238e-05 8.28958e-05 
8.31407e-05 8.357e-05 8.3993e-05 8.44098e-05 8.48202e-05 8.52241e-05 8.56213e-05 8.60118e-05 8.63954e-05 8.6772e-05 8.71416e-05 8.7504e-05 8.78591e-05 8.82068e-05 8.8547e-05 8.88797e-05 8.92047e-05 8.9522e-05 8.98314e-05 9.01328e-05 9.04262e-05 9.07115e-05 9.09886e-05 9.12574e-05 9.15178e-05 9.17699e-05 9.20134e-05 9.22483e-05 9.24746e-05 9.26922e-05 9.2901e-05 9.31009e-05 9.3292e-05 9.34741e-05 9.36472e-05 9.38112e-05 9.39661e-05 9.41119e-05 9.42484e-05 9.43757e-05 9.44938e-05 9.46025e-05 9.47019e-05 9.47919e-05 9.48725e-05 9.49437e-05 9.50054e-05 9.50577e-05 9.51005e-05 9.51338e-05 9.51576e-05 9.51718e-05 9.51766e-05 9.51718e-05 9.51576e-05 9.51338e-05 9.51005e-05 9.50577e-05 9.50054e-05 9.49437e-05 9.48725e-05 9.47919e-05 9.47019e-05 9.46025e-05 9.44938e-05 9.43757e-05 9.42484e-05 9.41119e-05 9.39661e-05 9.38112e-05 9.36472e-05 9.34741e-05 9.3292e-05 9.31009e-05 9.2901e-05 9.26922e-05 9.24746e-05 9.22483e-05 9.20134e-05 9.17699e-05 9.15178e-05 9.12574e-05 9.09886e-05 9.07115e-05 9.04262e-05 9.01328e-05 8.98314e-05 8.9522e-05 8.92047e-05 8.88797e-05 8.8547e-05 8.82068e-05 8.78591e-05 8.7504e-05 8.71416e-05 8.6772e-05 8.63954e-05 8.60118e-05 8.56213e-05 8.52241e-05 8.48202e-05 8.44098e-05 8.3993e-05 8.357e-05 8.31407e-05 
8.3378e-05 8.38085e-05 8.42328e-05 8.46508e-05 8.50623e-05 8.54673e-05 8.58657e-05 8.62572e-05 8.66419e-05 8.70197e-05 8.73903e-05 8.77537e-05 8.81098e-05 8.84585e-05 8.87998e-05 8.91334e-05 8.94593e-05 8.97775e-05 9.00877e-05 9.039e-05 9.06843e-05 9.09704e-05 9.12483e-05 9.15178e-05 9.1779e-05 9.20318e-05 9.2276e-05 9.25116e-05 9.27385e-05 9.29567e-05 9.31661e-05 9.33666e-05 9.35582e-05 9.37408e-05 9.39144e-05 9.40789e-05 9.42343e-05 9.43805e-05 9.45174e-05 9.46451e-05 9.47635e-05 9.48725e-05 9.49722e-05 9.50624e-05 9.51433e-05 9.52147e-05 9.52766e-05 9.5329e-05 9.53719e-05 9.54053e-05 9.54291e-05 9.54435e-05 9.54482e-05 9.54435e-05 9.54291e-05 9.54053e-05 9.53719e-05 9.5329e-05 9.52766e-05 9.52147e-05 9.51433e-05 9.50624e-05 9.49722e-05 9.48725e-05 9.47635e-05 9.46451e-05 9.45174e-05 9.43805e-05 9.42343e-05 9.40789e-05 9.39144e-05 9.37408e-05 9.35582e-05 9.33666e-05 9.31661e-05 9.29567e-05 9.27385e-05 9.25116e-05 9.2276e-05 9.20318e-05 9.1779e-05 9.15178e-05 9.12483e-05 9.09704e-05 9.06843e-05 9.039e-05 9.00877e-05 8.97775e-05 8.94593e-05 8.91334e-05 8.87998e-05 8.84585e-05 8.81098e-05 8.77537e-05 8.73903e-05 8.70197e-05 8.66419e-05 8.62572e-05 8.58657e-05 8.54673e-05 8.50623e-05 8.46508e-05 8.42328e-05 8.38085e-05 8.3378e-05 
8.36076e-05 8.40393e-05 8.44647e-05 8.48839e-05 8.52966e-05 8.57027e-05 8.61021e-05 8.64948e-05 8.68805e-05 8.72593e-05 8.76309e-05 8.79954e-05 8.83525e-05 8.87021e-05 8.90443e-05 8.93788e-05 8.97057e-05 9.00247e-05 9.03358e-05 9.06389e-05 9.0934e-05 9.12209e-05 9.14995e-05 9.17699e-05 9.20318e-05 9.22852e-05 9.25301e-05 9.27664e-05 9.29939e-05 9.32127e-05 9.34227e-05 9.36237e-05 9.38159e-05 9.3999e-05 9.4173e-05 9.4338e-05 9.44938e-05 9.46404e-05 9.47777e-05 9.49057e-05 9.50244e-05 9.51338e-05 9.52337e-05 9.53242e-05 9.54053e-05 9.54769e-05 9.5539e-05 9.55915e-05 9.56345e-05 9.5668e-05 9.56919e-05 9.57063e-05 9.57111e-05 9.57063e-05 9.56919e-05 9.5668e-05 9.56345e-05 9.55915e-05 9.5539e-05 9.54769e-05 9.54053e-05 9.53242e-05 9.52337e-05 9.51338e-05 9.50244e-05 9.49057e-05 9.47777e-05 9.46404e-05 9.44938e-05 9.4338e-05 9.4173e-05 9.3999e-05 9.38159e-05 9.36237e-05 9.34227e-05 9.32127e-05 9.29939e-05 9.27664e-05 9.25301e-05 9.22852e-05 9.20318e-05 9.17699e-05 9.14995e-05 9.12209e-05 9.0934e-05 9.06389e-05 9.03358e-05 9.00247e-05 8.97057e-05 8.93788e-05 8.90443e-05 8.87021e-05 8.83525e-05 8.79954e-05 8.76309e-05 8.72593e-05 8.68805e-05 8.64948e-05 8.61021e-05 8.57027e-05 8.52966e-05 8.48839e-05 8.44647e-05 8.40393e-05 8.36076e-05 
8.38294e-05 8.42623e-05 8.46889e-05 8.51091e-05 8.55229e-05 8.59301e-05 8.63306e-05 8.67243e-05 8.71111e-05 8.74908e-05 8.78635e-05 8.82289e-05 8.85869e-05 8.89375e-05 8.92806e-05 8.9616e-05 8.99437e-05 9.02636e-05 9.05755e-05 9.08795e-05 9.11753e-05 9.1463e-05 9.17423e-05 9.20134e-05 9.2276e-05 9.25301e-05 9.27756e-05 9.30125e-05 9.32407e-05 9.346e-05 9.36706e-05 9.38722e-05 9.40648e-05 9.42484e-05 9.44229e-05 9.45883e-05 9.47445e-05 9.48915e-05 9.50292e-05 9.51576e-05 9.52766e-05 9.53862e-05 9.54864e-05 9.55772e-05 9.56584e-05 9.57302e-05 9.57925e-05 9.58452e-05 9.58883e-05 9.59219e-05 9.59459e-05 9.59602e-05 9.5965e-05 9.59602e-05 9.59459e-05 9.59219e-05 9.58883e-05 9.58452e-05 9.57925e-05 9.57302e-05 9.56584e-05 9.55772e-05 9.54864e-05 9.53862e-05 9.52766e-05 9.51576e-05 9.50292e-05 9.48915e-05 9.47445e-05 9.45883e-05 9.44229e-05 9.42484e-05 9.40648e-05 9.38722e-05 9.36706e-05 9.346e-05 9.32407e-05 9.30125e-05 9.27756e-05 9.25301e-05 9.2276e-05 9.20134e-05 9.17423e-05 9.1463e-05 9.11753e-05 9.08795e-05 9.05755e-05 9.02636e-05 8.99437e-05 8.9616e-05 8.92806e-05 8.89375e-05 8.85869e-05 8.82289e-05 8.78635e-05 8.74908e-05 8.71111e-05 8.67243e-05 8.63306e-05 8.59301e-05 8.55229e-05 8.51091e-05 8.46889e-05 8.42623e-05 8.38294e-05 
8.40435e-05 8.44774e-05 8.49051e-05 8.53264e-05 8.57412e-05 8.61495e-05 8.6551e-05 8.69457e-05 8.73335e-05 8.77142e-05 8.80878e-05 8.84541e-05 8.88131e-05 8.91646e-05 8.95085e-05 8.98448e-05 9.01734e-05 9.0494e-05 9.08068e-05 9.11115e-05 9.14081e-05 9.16965e-05 9.19766e-05 9.22483e-05 9.25116e-05 9.27664e-05 9.30125e-05 9.325e-05 9.34787e-05 9.36987e-05 9.39097e-05 9.41119e-05 9.4305e-05 9.44891e-05 9.4664e-05 9.48298e-05 9.49864e-05 9.51338e-05 9.52718e-05 9.54005e-05 9.55198e-05 9.56298e-05 9.57302e-05 9.58212e-05 9.59027e-05 9.59746e-05 9.6037e-05 9.60899e-05 9.61331e-05 9.61668e-05 9.61908e-05 9.62053e-05 9.62101e-05 9.62053e-05 9.61908e-05 9.61668e-05 9.61331e-05 9.60899e-05 9.6037e-05 9.59746e-05 9.59027e-05 9.58212e-05 9.57302e-05 9.56298e-05 9.55198e-05 9.54005e-05 9.52718e-05 9.51338e-05 9.49864e-05 9.48298e-05 9.4664e-05 9.44891e-05 9.4305e-05 9.41119e-05 9.39097e-05 9.36987e-05 9.34787e-05 9.325e-05 9.30125e-05 9.27664e-05 9.25116e-05 9.22483e-05 9.19766e-05 9.16965e-05 9.14081e-05 9.11115e-05 9.08068e-05 9.0494e-05 9.01734e-05 8.98448e-05 8.95085e-05 8.91646e-05 8.88131e-05 8.84541e-05 8.80878e-05 8.77142e-05 8.73335e-05 8.69457e-05 8.6551e-05 8.61495e-05 8.57412e-05 8.53264e-05 8.49051e-05 8.44774e-05 8.40435e-05 
8.42496e-05 8.46846e-05 8.51134e-05 8.55357e-05 8.59516e-05 8.63608e-05 8.67633e-05 8.7159e-05 8.75477e-05 8.79294e-05 8.83039e-05 8.86711e-05 8.90309e-05 8.93833e-05 8.97281e-05 9.00652e-05 9.03946e-05 9.0716e-05 9.10295e-05 9.1335e-05 9.16323e-05 9.19214e-05 9.22022e-05 9.24746e-05 9.27385e-05 9.29939e-05 9.32407e-05 9.34787e-05 9.3708e-05 9.39285e-05 9.41401e-05 9.43427e-05 9.45363e-05 9.47208e-05 9.48962e-05 9.50624e-05 9.52194e-05 9.53671e-05 9.55055e-05 9.56345e-05 9.57542e-05 9.58643e-05 9.5965e-05 9.60563e-05 9.61379e-05 9.62101e-05 9.62726e-05 9.63256e-05 9.63689e-05 9.64027e-05 9.64268e-05 9.64413e-05 9.64461e-05 9.64413e-05 9.64268e-05 9.64027e-05 9.63689e-05 9.63256e-05 9.62726e-05 9.62101e-05 9.61379e-05 9.60563e-05 9.5965e-05 9.58643e-05 9.57542e-05 9.56345e-05 9.55055e-05 9.53671e-05 9.52194e-05 9.50624e-05 9.48962e-05 9.47208e-05 9.45363e-05 9.43427e-05 9.41401e-05 9.39285e-05 9.3708e-05 9.34787e-05 9.32407e-05 9.29939e-05 9.27385e-05 9.24746e-05 9.22022e-05 9.19214e-05 9.16323e-05 9.1335e-05 9.10295e-05 9.0716e-05 9.03946e-05 9.00652e-05 8.97281e-05 8.93833e-05 8.90309e-05 8.86711e-05 8.83039e-05 8.79294e-05 8.75477e-05 8.7159e-05 8.67633e-05 8.63608e-05 8.59516e-05 8.55357e-05 8.51134e-05 8.46846e-05 8.42496e-05 
8.44478e-05 8.48839e-05 8.53136e-05 8.5737e-05 8.61538e-05 8.6564e-05 8.69675e-05 8.73641e-05 8.77537e-05 8.81363e-05 8.85116e-05 8.88797e-05 8.92404e-05 8.95936e-05 8.99392e-05 9.02771e-05 9.06072e-05 9.09295e-05 9.12437e-05 9.15499e-05 9.18479e-05 9.21377e-05 9.24191e-05 9.26922e-05 9.29567e-05 9.32127e-05 9.346e-05 9.36987e-05 9.39285e-05 9.41495e-05 9.43616e-05 9.45647e-05 9.47587e-05 9.49437e-05 9.51195e-05 9.52861e-05 9.54435e-05 9.55915e-05 9.57302e-05 9.58595e-05 9.59794e-05 9.60899e-05 9.61908e-05 9.62823e-05 9.63641e-05 9.64364e-05 9.64991e-05 9.65522e-05 9.65957e-05 9.66295e-05 9.66537e-05 9.66682e-05 9.6673e-05 9.66682e-05 9.66537e-05 9.66295e-05 9.65957e-05 9.65522e-05 9.64991e-05 9.64364e-05 9.63641e-05 9.62823e-05 9.61908e-05 9.60899e-05 9.59794e-05 9.58595e-05 9.57302e-05 9.55915e-05 9.54435e-05 9.52861e-05 9.51195e-05 9.49437e-05 9.47587e-05 9.45647e-05 9.43616e-05 9.41495e-05 9.39285e-05 9.36987e-05 9.346e-05 9.32127e-05 9.29567e-05 9.26922e-05 9.24191e-05 9.21377e-05 9.18479e-05 9.15499e-05 9.12437e-05 9.09295e-05 9.06072e-05 9.02771e-05 8.99392e-05 8.95936e-05 8.92404e-05 8.88797e-05 8.85116e-05 8.81363e-05 8.77537e-05 8.73641e-05 8.69675e-05 8.6564e-05 8.61538e-05 8.5737e-05 8.53136e-05 8.48839e-05 8.44478e-05 
8.46381e-05 8.50751e-05 8.55058e-05 8.59301e-05 8.63479e-05 8.6759e-05 8.71634e-05 8.75609e-05 8.79514e-05 8.83348e-05 8.8711e-05 8.90799e-05 8.94414e-05 8.97954e-05 9.01418e-05 9.04805e-05 9.08113e-05 9.11343e-05 9.14492e-05 9.17561e-05 9.20548e-05 9.23452e-05 9.26273e-05 9.2901e-05 9.31661e-05 9.34227e-05 9.36706e-05 9.39097e-05 9.41401e-05 9.43616e-05 9.45741e-05 9.47777e-05 9.49722e-05 9.51576e-05 9.53338e-05 9.55007e-05 9.56584e-05 9.58068e-05 9.59459e-05 9.60755e-05 9.61956e-05 9.63063e-05 9.64075e-05 9.64991e-05 9.65812e-05 9.66537e-05 9.67165e-05 9.67697e-05 9.68133e-05 9.68472e-05 9.68714e-05 9.68859e-05 9.68907e-05 9.68859e-05 9.68714e-05 9.68472e-05 9.68133e-05 9.67697e-05 9.67165e-05 9.66537e-05 9.65812e-05 9.64991e-05 9.64075e-05 9.63063e-05 9.61956e-05 9.60755e-05 9.59459e-05 9.58068e-05 9.56584e-05 9.55007e-05 9.53338e-05 9.51576e-05 9.49722e-05 9.47777e-05 9.45741e-05 9.43616e-05 9.41401e-05 9.39097e-05 9.36706e-05 9.34227e-05 9.31661e-05 9.2901e-05 9.26273e-05 9.23452e-05 9.20548e-05 9.17561e-05 9.14492e-05 9.11343e-05 9.08113e-05 9.04805e-05 9.01418e-05 8.97954e-05 8.94414e-05 8.90799e-05 8.8711e-05 8.83348e-05 8.79514e-05 8.75609e-05 8.71634e-05 8.6759e-05 8.63479e-05 8.59301e-05 8.55058e-05 8.50751e-05 8.46381e-05 
8.48202e-05 8.52582e-05 8.56898e-05 8.6115e-05 8.65337e-05 8.69457e-05 8.7351e-05 8.77493e-05 8.81407e-05 8.85249e-05 8.89019e-05 8.92717e-05 8.96339e-05 8.99887e-05 9.03358e-05 9.06752e-05 9.10068e-05 9.13304e-05 9.16461e-05 9.19536e-05 9.22529e-05 9.2544e-05 9.28267e-05 9.31009e-05 9.33666e-05 9.36237e-05 9.38722e-05 9.41119e-05 9.43427e-05 9.45647e-05 9.47777e-05 9.49817e-05 9.51766e-05 9.53624e-05 9.5539e-05 9.57063e-05 9.58643e-05 9.6013e-05 9.61524e-05 9.62823e-05 9.64027e-05 9.65136e-05 9.6615e-05 9.67068e-05 9.67891e-05 9.68617e-05 9.69247e-05 9.6978e-05 9.70216e-05 9.70556e-05 9.70799e-05 9.70944e-05 9.70993e-05 9.70944e-05 9.70799e-05 9.70556e-05 9.70216e-05 9.6978e-05 9.69247e-05 9.68617e-05 9.67891e-05 9.67068e-05 9.6615e-05 9.65136e-05 9.64027e-05 9.62823e-05 9.61524e-05 9.6013e-05 9.58643e-05 9.57063e-05 9.5539e-05 9.53624e-05 9.51766e-05 9.49817e-05 9.47777e-05 9.45647e-05 9.43427e-05 9.41119e-05 9.38722e-05 9.36237e-05 9.33666e-05 9.31009e-05 9.28267e-05 9.2544e-05 9.22529e-05 9.19536e-05 9.16461e-05 9.13304e-05 9.10068e-05 9.06752e-05 9.03358e-05 8.99887e-05 8.96339e-05 8.92717e-05 8.89019e-05 8.85249e-05 8.81407e-05 8.77493e-05 8.7351e-05 8.69457e-05 8.65337e-05 8.6115e-05 8.56898e-05 8.52582e-05 8.48202e-05 
