49
0.0188607 0.019612 0.0200771 0.0202346 0.0200771 0.019612 0.0188607 
0.019612 0.0203933 0.0208769 0.0210406 0.0208769 0.0203933 0.019612 
0.0200771 0.0208769 0.021372 0.0215396 0.021372 0.0208769 0.0200771 
0.0202346 0.0210406 0.0215396 0.0217085 0.0215396 0.0210406 0.0202346 
0.0200771 0.0208769 0.021372 0.0215396 0.021372 0.0208769 0.0200771 
0.019612 0.0203933 0.0208769 0.0210406 0.0208769 0.0203933 0.019612 
0.0188607 0.019612 0.0200771 0.0202346 0.0200771 0.019612 0.0188607 
